model_uuid,conv_cnt,linear_cnt,relu_cnt,lrelu_cnt,avg_pooling_cnt,max_pooling_cnt,out_features,linear_input_features,conv_kernel_size_2,conv_kernel_size_3,time
0033bc4b-a796-4456-b3dc-83ac9fe8a0c2,5,1,2,3,1,2,269,6144,5,5,0.0047935962677001
0a2f84d3-9f10-4524-9949-b6295ea7836a,6,3,3,3,1,2,61,1728,6,6,0.0018003463745117
7ea9c12f-4119-4052-9909-036c8bcb0bb9,5,2,0,5,2,0,77,75264,5,5,0.0070005416870117
b16bac62-d4a9-4a43-a5ef-3632ec718b48,4,1,2,2,2,1,275,3888,4,4,0.0025935649871826
2c45af1c-cef0-4706-be25-0a7d5043f6dd,4,2,2,2,1,1,116,13872,4,4,0.0036006450653076
7da86fa4-aa95-4f31-bd7d-94e5a6544941,4,2,3,1,1,1,93,3072,4,4,0.0015997886657714
9e296796-e339-4d4e-a73e-2a9944ef8c93,3,3,0,3,2,0,68,24576,3,3,0.0033929824829101
4baafb24-d4c1-408e-a6d5-4b397b608695,4,2,4,0,1,1,74,9408,4,4,0.0013998508453369
6a4ae87d-2df4-45b2-a11a-1c6beab80d59,6,1,0,6,1,2,236,15552,6,6,0.012192964553833
51f20f1b-c36b-41f6-8e28-f31937ea74f8,4,3,1,3,0,3,18,2352,4,4,0.0022002220153808
3b72a935-0ee0-4d5c-8ca0-584c37dd88bb,5,3,1,4,1,2,68,6144,5,5,0.0024003505706787
727ea2e1-6eaa-4e11-b42f-77079132dba1,3,1,1,2,1,2,183,6144,3,3,0.0021999835968017
61d341c4-39b5-4248-ad9b-064442aed2b4,6,3,1,5,2,1,55,9408,6,6,0.0028566360473632
974aeed8-bcb0-4f57-b76b-e6fe398a5aa3,2,2,2,0,0,2,36,3468,2,2,0.0010004997253417
3a14be6e-01db-456f-bc72-05836cb9d1c2,8,1,8,0,0,3,252,6912,8,8,0.0076001167297363
2ab81b74-865b-4857-bb9b-3ba62114007b,5,2,2,3,0,2,26,18816,5,5,0.0051990509033203
e3edbab5-d856-48b9-8e9f-5c85b44684c3,5,3,2,3,0,2,46,1536,5,5,0.0038000583648681
20bd4e1d-9ad2-43a4-b063-806049c75bdb,6,2,6,0,1,2,107,1728,6,6,0.0024000644683837
78ad404d-5ebb-4819-85d2-e49222f6acfd,6,3,5,1,0,3,42,43200,6,6,0.0088006019592285
9928040c-560d-4e1b-bb29-7ec612345482,2,1,2,0,2,0,111,13872,2,2,0.0014002323150634
83f85ed4-0ccd-4fec-8579-d92e3119dc49,4,3,1,3,0,2,9,10800,4,4,0.002599811553955
0f6ce7e2-24f7-4522-b4e0-1b96096f0879,5,3,2,3,0,2,55,92256,5,5,0.0102004051208496
3f3ca353-f59a-4644-9ebb-f279abf3f3ef,4,1,4,0,1,1,203,13872,4,4,0.0019941329956054
c33c1745-ba69-406a-b20c-0f84df0f99ff,7,2,4,3,1,2,111,1536,7,7,0.0031999588012695
322e5a4f-d36c-43cf-8443-f26a0cdcc49e,6,3,4,2,0,3,52,4800,6,6,0.001600170135498
2c78b95d-5c6c-4e29-96e3-5833ebcc20a7,4,1,2,2,2,0,117,768,4,4,0.0019999980926513
15710f8b-848b-4789-a67d-255ae4f0accf,5,2,3,2,2,0,77,3456,5,5,0.0016004562377929
a8a3ed55-618c-44a8-8268-96b95c2950e0,5,1,0,5,1,2,174,16224,5,5,0.003799295425415
c00dcac8-5634-45cc-9ff8-ebaaeb3adfd0,4,1,1,3,0,3,296,1728,4,4,0.001399803161621
5ca11ace-6a5c-436c-83c4-db26afc441f2,5,1,1,4,2,1,286,31104,5,5,0.0100002288818359
39cc376b-43fb-454a-a43c-05fa35c0bbb2,5,2,4,1,3,0,92,7776,5,5,0.0026008605957031
7eca6844-6b46-445e-868f-cd5b4e3bdcb8,6,3,2,4,0,3,20,9408,6,6,0.0048008441925048
33f226f1-31d7-4463-81c0-b8fde394c3cc,6,3,6,0,0,2,35,15552,6,6,0.0039999961853027
051a5788-35d8-4439-a097-37d8849d0d19,6,3,3,3,0,2,66,1728,6,6,0.0017993450164794
43d9fa9a-6902-4cbd-8a14-2bf607c41bf6,4,2,0,4,0,2,73,10800,4,4,0.0040005683898925
9fdd195f-4e9a-49ce-87c2-3337c18520ef,4,2,1,3,1,1,16,2352,4,4,0.0021635055541992
7416509f-c392-4a07-853c-a48ccabc093f,4,1,2,2,0,3,266,184512,4,4,0.0215936660766601
dd2a7f12-3691-4b70-9421-83c04cdea920,6,2,3,3,2,1,91,172800,6,6,0.0169933319091796
ff6c0dd5-509c-4f4c-91b1-25d9c70cc66b,9,2,6,3,3,0,36,24576,9,9,0.0091945171356201
cda83eb7-ab5d-47bf-a9a7-0c6591587842,5,3,5,0,0,2,34,4704,5,5,0.0037997722625732
7d47013d-0574-471c-aa69-509f8de9587f,7,3,6,1,2,1,39,322944,7,7,0.0387999534606933
f200ebd1-76b7-4131-aec0-5d760ae22dd6,6,3,6,0,1,1,9,32448,6,6,0.0051932334899902
dd82e3fb-fc8d-46d0-a22c-6340b2655464,6,1,6,0,1,1,207,49152,6,6,0.009600830078125
4a1ef82d-d343-4c9b-b681-f52e7456df12,6,3,0,6,2,0,53,12288,6,6,0.0041992664337158
0c0ebc66-9090-4da2-8967-b1bbb8e4df27,8,1,5,3,1,2,113,37632,8,8,0.0194000720977783
aa9ed373-59bb-4e82-b077-4fdfa9d90160,4,2,2,2,1,2,146,12288,4,4,0.0038019180297851
69f3679a-7086-46c2-9967-26bd0e1a37e5,6,3,0,6,2,1,16,43200,6,6,0.0064006328582763
777adabe-35c6-4855-b97e-8adba85534d1,7,2,5,2,2,1,82,9600,7,7,0.0044007301330566
3600a43f-6b14-40e9-bd51-ed4cb8d2c371,2,1,0,2,0,2,244,3072,2,2,0.0012001037597656
873b13f0-4be1-4119-abf5-dc9e88165f17,4,1,3,1,1,1,288,3888,4,4,0.0018003463745117
ef180436-d59c-45a4-8143-a1556f917d5b,5,1,2,3,1,2,49,7776,5,5,0.0018006801605224
fc116854-7ee5-4ea4-80dc-667bf9bce51b,7,2,3,4,0,3,76,13824,7,7,0.0103999614715576
10b5e51e-7ae6-4447-bb04-20f96fba90ff,6,1,6,0,2,0,218,150528,6,6,0.0129940032958984
cb77d156-c423-46a8-b2fb-45d9a386b6e1,3,2,3,0,0,2,118,21600,3,3,0.0062004566192626
25620dd8-744f-4bce-83b1-21f0b9790ea1,7,2,5,2,1,2,101,384,7,7,0.0027999877929687
acf13e99-0057-4934-a148-e419a4f5b024,4,3,1,3,1,1,18,3072,4,4,0.0021997451782226
4246b83c-53d5-4f94-93f7-a815b6b003f0,5,3,0,5,1,1,40,98304,5,5,0.0076001644134521
99850262-4f21-48c2-8672-c0d5e77ce26a,5,1,4,1,1,2,291,21600,5,5,0.0042071342468261
3b1b42d1-33ac-4258-b529-c53440a347bb,5,2,5,0,1,1,51,4704,5,5,0.0026000499725341
16012e66-16dd-4add-83bf-37432954cab9,6,2,0,6,2,1,123,768,6,6,0.0031941890716552
cff6d895-51fd-44ca-bd69-dfef90a836e8,3,3,1,2,1,1,65,21600,3,3,0.0040005207061767
293f66f8-ee3f-47bf-92ba-a099adc8cc78,6,3,4,2,1,2,20,32448,6,6,0.0044005393981933
ad577e0c-b04e-4d22-92bf-595ce590e616,5,2,0,5,1,1,138,384,5,5,0.0025999546051025
59cc24ec-ac33-4133-a287-7809e34c7204,4,2,2,2,2,0,85,40368,4,4,0.0046000957489013
919790f4-2136-4f2f-b5d9-69c76f644060,4,1,0,4,2,0,192,12288,4,4,0.0031924247741699
3572e591-a8ff-4c0d-8328-aa8a4ba63189,3,1,2,1,1,1,98,6144,3,3,0.0016079902648925
176469c3-226e-4e47-a22f-30b1aa7615c2,4,1,3,1,1,1,233,13872,4,4,0.0030001163482666
b5c922e4-f373-4cf3-91c5-402a29a7885a,8,2,0,8,3,0,44,768,8,8,0.0040005683898925
2251a461-b82a-4d33-bb04-8dbde644d01e,2,3,0,2,1,1,64,46128,2,2,0.0070000171661376
3ae974e6-95bd-4db8-9ce0-b4b52a59e09a,5,3,0,5,0,2,44,4704,5,5,0.0018000125885009
af813746-074c-4cdd-ae7a-92c71e94befb,5,1,3,2,1,2,85,384,5,5,0.0020004749298095
bf501537-44fb-4079-b2ad-a46095e2f999,6,3,2,4,2,1,69,12288,6,6,0.0072009086608886
a76c702b-cdf5-4bf1-8362-0460cf8f6ebd,7,2,5,2,2,1,112,9600,7,7,0.0062005996704101
98affa1b-894a-4bbf-a9c5-394bfc9ce00c,3,2,2,1,2,1,106,5400,3,3,0.0016000747680664
98d7b6b3-d1a7-49c0-9dc4-ce883bc7c103,4,3,0,4,0,2,40,10800,4,4,0.0042003631591796
6a64cad8-9e48-4c65-b190-d0bfa7ec0e2f,6,3,3,3,1,1,36,12288,6,6,0.0049997329711914
9bceffed-f505-4bde-87e5-d4e45e7e3941,4,1,0,4,1,1,58,9408,4,4,0.0017998218536376
e59dd87b-540b-41d0-99b8-2536195fdf95,3,3,2,1,0,2,44,23064,3,3,0.0037995338439941
af84da58-e12b-4d9f-a1d2-1592fa71b7db,5,3,2,3,1,1,28,6144,5,5,0.0031995773315429
fac9f9c2-175f-4bab-844a-423f8488b253,7,3,0,7,3,0,10,3456,7,7,0.0032002449035644
a8afde59-0174-4e0a-88d2-e61b4ffa9d1c,9,3,6,3,2,1,62,443904,9,9,0.0626330852508545
dd77cf20-99c3-45be-b8ed-f28db0ca0e4c,4,3,4,0,2,0,9,9408,4,4,0.0024006843566894
57b263f3-466c-4860-a327-f12f9e402c67,2,2,1,1,1,1,114,11532,2,2,0.0024029731750488
ef9cdc5e-e45a-4eca-b266-a60d78e12736,5,2,5,0,1,2,147,4704,5,5,0.0040019035339355
6fae1f9e-b6da-447d-8a06-d50ce9aeeb18,6,2,6,0,0,3,113,43200,6,6,0.0060010910034179
9f6d3051-c8be-4ba2-9d1f-3335540934c5,8,2,3,5,0,3,117,3072,8,8,0.0644001960754394
66767466-9f64-489b-87a0-0a4883212d05,6,3,4,2,2,1,66,768,6,6,0.0214000701904296
009e1e56-ad64-47ba-8d85-8eeab584b31e,5,3,1,4,0,3,49,6144,5,5,0.036600112915039
8c91c96f-fe85-49c9-8ed7-1b88b08a1168,4,1,0,4,1,1,42,172800,4,4,0.0416931629180908
81b93158-5f76-4a8b-b38b-31cbe8b9f1b7,5,3,2,3,1,2,37,1536,5,5,0.0034013271331787
2181bc85-a259-4d6d-9719-fe928af5e91b,5,1,5,0,1,1,299,6144,5,5,0.0044000625610351
e1238df4-06f6-4b9e-afb0-cc460c60353b,7,2,6,1,0,3,84,18816,7,7,0.0098678588867187
f851efca-52be-4f23-91cc-b22d44628471,3,2,2,1,0,2,42,23064,3,3,0.0028007507324218
5d899a5c-ef17-43b3-a57a-a06a77554e68,8,3,3,5,1,2,47,12288,8,8,0.0084002971649169
dc4090c5-8b28-480c-9ca8-f5ab3a850874,3,1,3,0,1,1,174,5400,3,3,0.0032002449035644
c7b5bc46-44ca-4265-9f4f-3dd734d61b32,6,2,0,6,2,1,92,184512,6,6,0.0170000076293945
a1412de6-4732-4d1a-becd-c20978be9682,4,1,2,2,1,1,133,12288,4,4,0.0026001930236816
21e69e9c-0ae5-4630-a2c3-bcb67d795aa5,5,3,2,3,0,2,63,4704,5,5,0.0034000396728515
9b52e1fa-a773-4c03-9044-17b063b1b8f9,5,2,2,3,1,1,106,1536,5,5,0.003600263595581
f2003c1d-99fc-4570-88eb-54f6e2d84bc4,4,1,3,1,0,2,40,190512,4,4,0.0137999057769775
4a4c3a9e-6604-44d5-82a2-0e7564adc270,6,2,3,3,2,0,106,1728,6,6,0.0055935382843017
b7816811-b2f2-49c6-ac1e-7341ecdc6d53,5,2,0,5,2,0,126,18816,5,5,0.0062074184417724
01b39202-72f1-49a0-aa1e-7b14080ad1c0,7,1,4,3,2,1,177,3456,7,7,0.0034004688262939
e3f8c392-13bf-4853-a2eb-a7ff9b7db801,6,3,4,2,1,2,41,192,6,6,0.0029932498931884
b66b2f4f-8926-4582-9c3d-3d5f09e5dea9,3,1,0,3,1,1,95,26136,3,3,0.0040000438690185
6a3f2d7a-9a8a-4368-b177-083a7961b6dd,4,1,0,4,1,1,231,10800,4,4,0.0034064292907714
f36998fc-50cc-44e6-ac87-6974ef93f906,5,2,2,3,2,1,120,18816,5,5,0.0082021713256835
dc9b9944-1adb-4f74-acaa-cbb1f4290848,3,2,2,1,1,1,17,26136,3,3,0.0049997329711914
7dc33bba-42bf-4666-bccc-380d51db2421,4,3,1,3,2,0,25,49152,4,4,0.0044002056121826
e8d8988b-0ada-4a1b-a4a7-36b6498009bc,3,1,2,1,1,1,274,31104,3,3,0.0041999816894531
846f6cd0-42c4-4877-92db-0d5debb5a536,4,1,0,4,1,1,92,13872,4,4,0.004000186920166
9ac292c9-505b-42b9-bca0-81add6d82597,7,2,7,0,1,2,83,6144,7,7,0.0050002574920654
6af73e40-4665-481b-9d14-fdec533e6ce0,7,1,0,7,1,2,139,6144,7,7,0.0081998348236083
32567f97-c56c-4780-a3e4-e2a991d379da,4,1,3,1,0,2,31,13872,4,4,0.0030016422271728
615ffb09-6f7d-47aa-8a7a-d819841cbd29,3,2,3,0,2,0,73,1944,3,3,0.002599811553955
36387e97-98ea-47c0-88e8-9708f50d8129,4,3,0,4,2,0,71,3072,4,4,0.0038000106811523
b2bd5853-ad06-4839-8d0e-f5b7ccbb8067,6,1,0,6,0,3,57,12288,6,6,0.0067994117736816
8d7659af-21d6-4ae1-9851-38d54cc7d626,6,2,2,4,2,1,72,49152,6,6,0.0087997436523437
0b748d0d-3271-4713-af95-c1c55ed99f10,4,3,0,4,2,1,74,48,4,4,0.0019998550415039
1a5cf5d4-b588-419e-a079-425e8cdd9981,4,1,0,4,1,1,242,768,4,4,0.0023999214172363
28892776-c9a8-4cce-8be8-019fb286a440,3,1,1,2,1,2,228,5400,3,3,0.0035998821258544
33a08b1f-e099-47af-a1ae-5ad9d6555054,3,2,3,0,1,1,135,21600,3,3,0.0042009830474853
3ac109eb-6543-4f15-a32b-9d2a41935824,6,2,5,1,1,2,28,6912,6,6,0.0041986465454101
9eb262e7-b44d-41d3-93bd-a2e0aee26401,4,2,4,0,2,0,140,12288,4,4,0.0042001724243164
57036972-60b4-41f6-8026-0337b81c178b,6,3,3,3,1,2,29,1728,6,6,0.0023993968963623
17e9b208-2819-4c6f-952b-0d266cf3daed,3,3,1,2,0,2,10,6144,3,3,0.0017997741699218
b341b215-dc13-4d41-932c-201830a842e9,4,1,1,3,2,0,84,2352,4,4,0.0015998840332031
ef6563cf-fb22-4aa3-8b86-1429123ec3d6,6,1,6,0,1,1,94,1728,6,6,0.0041993618011474
441cd7cb-948f-4903-9238-f4eebc0a8437,4,2,0,4,1,1,87,52272,4,4,0.0064003467559814
8a3c34da-8d6b-42bc-9806-de235ce43866,7,3,3,4,2,1,37,18816,7,7,0.0155994892120361
1de442c8-d741-4118-87db-d67418b8fa2f,5,3,2,3,1,2,13,384,5,5,0.0020057678222656
65174152-92cd-4935-9ed9-89d2aa81479a,3,1,0,3,0,2,56,26136,3,3,0.0028003215789794
e8aa89c9-1a6a-4497-92aa-71e9a0ea438a,7,2,3,4,1,2,66,384,7,7,0.0032058238983154
0d2f14ff-2049-41bd-b7ce-f46914edd0a1,2,2,0,2,0,2,131,2700,2,2,0.0014002323150634
cc8b81c2-e15a-43dd-be07-90709e558e1f,7,3,2,5,1,2,13,384,7,7,0.0017998695373535
ac6fb316-04d1-41e8-89ad-0e86dcaaadec,6,1,0,6,0,2,257,37632,6,6,0.0110004901885986
df2ec713-a946-4190-9aed-eae3cb013c88,5,3,2,3,1,1,18,1536,5,5,0.0016000747680664
84bd4ae8-2d44-485e-9cf7-3542126cda5d,4,1,2,2,1,1,83,49152,4,4,0.0133998870849609
3514d4d0-5f9f-453c-a097-8bcbc0332e8f,4,2,0,4,1,1,121,10800,4,4,0.0050004005432128
4ad4dcf8-eefe-4df6-8f63-ec7e23cae4a6,4,2,4,0,1,1,101,52272,4,4,0.0059998512268066
082df579-0a9d-4294-8fb5-fd957c0964b2,3,2,2,1,0,2,69,24576,3,3,0.0085896492004394
b6075330-cb9a-43e3-a111-b04600c7fc10,6,1,5,1,1,2,199,27648,6,6,0.0066009044647216
374141aa-1b0c-4cf9-bd75-848096bc71ee,5,2,1,4,1,2,93,9600,5,5,0.0022003173828125
284e8691-362b-4b21-aadf-ef7fe8d371a9,6,3,4,2,2,1,25,161472,6,6,0.031208324432373
7f83d8a1-c269-49da-be73-696885b77205,6,1,3,3,2,0,239,1728,6,6,0.00539231300354
da16f65e-11f1-43e0-b85e-9c1cd0e3cdd3,3,2,3,0,1,1,26,4056,3,3,0.0009997367858886
f7ac101d-7b1d-4d70-b7fd-e26f6e1ecee8,5,2,0,5,1,1,113,864,5,5,0.0032009124755859
dcf98c61-850b-45ad-b366-8f3bd7956e03,4,2,2,2,0,2,81,8112,4,4,0.0014002799987792
11c6d68d-b46b-41a7-a145-4ee84bfbfb94,6,2,3,3,1,2,70,768,6,6,0.0022000312805175
3eda1444-f818-4765-a4a4-e5494d76b1b0,7,2,7,0,2,1,75,75264,7,7,0.006600284576416
3d35852e-9f31-4d1b-a459-a893aae2c46d,3,1,2,1,1,1,30,4704,3,3,0.0013997077941894
447badc6-e2bb-4708-a2e4-74411bfbabff,5,2,3,2,2,0,63,21600,5,5,0.0068003177642822
a30125f1-ac8a-4ec2-8f26-0471d0747b0d,6,3,6,0,1,2,51,192,6,6,0.003800344467163
bafb3232-3af3-4a9a-9d37-5fe7b68efc4a,6,2,0,6,1,1,27,12288,6,6,0.0075993537902832
f0d7a260-ac96-4831-8160-8562782b13f5,6,2,2,4,3,0,87,1728,6,6,0.0028013706207275
39be15c0-3d4c-47ca-8a69-a822527ce0d7,5,3,2,3,0,2,32,27744,5,5,0.0098009586334228
f91f359a-543d-40a4-b3c2-cfebd615eee3,2,2,1,1,1,1,46,768,2,2,0.0009999275207519
d48a1177-cd61-4cb5-bae7-2a137876a74e,5,2,0,5,0,2,49,864,5,5,0.0054004192352294
9ae6ad23-4451-44aa-8b71-8099085b4706,5,3,0,5,3,0,27,384,5,5,0.0020003318786621
b09b5f4a-3cfe-477d-9ddd-39ec884d934d,7,2,7,0,1,2,34,3456,7,7,0.0029999732971191
43a10bdf-6a8a-4439-b8cb-c1e796841918,6,3,0,6,0,3,31,192,6,6,0.0030004501342773
3dacaa3d-4f11-477f-a518-04933d4d601e,5,3,5,0,3,0,26,96,5,5,0.0021997928619384
e9332713-7b21-4c47-a0c7-3527259a7706,8,2,0,8,2,1,84,768,8,8,0.0083998203277587
5d8c0dfd-1991-4427-a5a7-32f8b3689152,6,3,0,6,2,0,17,12288,6,6,0.0039998531341552
c4faab31-5f91-48ec-b3d0-9e194bc44896,7,1,0,7,1,2,255,6144,7,7,0.0114001750946044
23938be0-5d99-4ba3-a6b3-b502d6e852e5,6,1,6,0,3,0,286,192,6,6,0.0029999732971191
0f2e67af-cdce-4474-917d-b73ae62b3e02,4,1,3,1,0,2,209,172800,4,4,0.0180004119873046
447c5f09-b88e-435c-9c1b-467831fa43f2,6,2,3,3,1,1,18,4800,6,6,0.0019933700561523
7fe5acad-51ba-4dd7-9ccc-e8997ed26d60,3,2,0,3,1,1,30,1176,3,3,0.0014001369476318
e723e4af-da3a-4c5c-909b-9cf1895f5bfa,4,2,3,1,2,1,58,3072,4,4,0.0014000415802001
f5963920-06c9-4f09-8645-a8d8ace7ce08,5,1,5,0,1,1,117,104544,5,5,0.0084003925323486
974eb721-d25b-42c1-b233-ac132f2df7ea,3,3,1,2,0,2,49,6144,3,3,0.0036000728607177
f39d0bea-4314-4584-9087-3e38099312c1,4,1,3,1,0,2,282,9408,4,4,0.0050012111663818
ac5e2546-f101-4289-a3d9-a6e208660b08,4,1,1,3,1,1,233,196608,4,4,0.0291999340057373
50d835d0-0c2c-4c55-bdf2-d7508c335de1,5,2,2,3,0,3,90,21600,5,5,0.0033932209014892
f31a4f93-6265-4938-ad6b-1c5bcbf39417,7,2,5,2,0,3,51,6144,7,7,0.0040009975433349
22be99f0-ed20-4f68-88c2-00ebebc31efb,7,3,2,5,2,1,67,6144,7,7,0.0048013687133789
92be17c6-ef23-4389-9839-0a8adeb11d9d,3,3,3,0,0,2,59,92256,3,3,0.0092000484466552
ae0b21d0-511b-40c9-8af3-2074011f3300,2,2,2,0,1,1,118,46128,2,2,0.0045951843261718
73c2c31b-c98c-49ba-93ee-48c2d8341763,8,1,2,6,0,3,56,12288,8,8,0.0084024906158447
a930ac9a-32f8-447d-92e1-01d7fd4d26a2,7,2,6,1,2,1,25,3456,7,7,0.0038000106811523
f00b71a8-95ee-46e5-a350-668a9b50ddbc,2,2,1,1,1,1,141,52272,2,2,0.0068000793457031
143b7d13-713d-4b4b-997e-da2bdd3438cc,4,1,1,3,0,2,35,432,4,4,0.001600170135498
80ce6380-4bc7-4339-8b24-5ae269a8a83a,4,1,0,4,0,2,131,184512,4,4,0.0125969886779785
464be7de-707f-4ba0-a7c1-1b66d3bc5548,2,2,1,1,2,0,83,2700,2,2,0.0012003898620605
23d13ed0-b7fb-4fbd-ba77-d4dc8987b5bc,2,1,0,2,2,0,293,3072,2,2,0.0010000228881835
c6ce1996-fd8b-46d3-8aa1-e5afca960954,6,3,3,3,1,2,64,43200,6,6,0.0101930618286132
edb7fb6b-dca5-4c9a-8dd7-28a4ae8da925,4,3,2,2,2,1,47,172800,4,4,0.0185263633728027
adc6a1bf-e468-4e8f-9999-2970aa43a535,5,2,4,1,2,1,15,384,5,5,0.0019924163818359
68d21953-753f-4f37-a0a4-9c974b955925,8,3,5,3,3,0,19,92928,8,8,0.019206428527832
fbb61c8e-fd37-4f87-8dfe-3f9820c4c448,4,2,3,1,1,2,101,432,4,4,0.0009994983673095
50da2cab-9510-4378-860c-0af47f1a29e6,5,2,4,1,1,2,72,1536,5,5,0.0019999980926513
64032ded-9453-44ff-a41e-4af1d8c7735b,4,1,3,1,1,2,142,3072,4,4,0.0023999214172363
d4a803f1-791b-410e-8493-35419ef14f70,2,3,2,0,1,1,23,13068,2,2,0.001200246810913
ed8629cd-3485-4c2c-8d04-33704c199c51,5,3,2,3,1,1,52,27744,5,5,0.0032005310058593
e5c601a9-c4cb-4d67-8402-7a6fa2732ff3,4,2,3,1,1,1,96,52272,4,4,0.0112005233764648
f551c2c2-7dd1-4ef1-b333-415eedc43b75,3,2,0,3,0,2,133,5400,3,3,0.0020008563995361
3646508f-d238-4784-8fee-af757fc08ba3,8,3,5,3,3,0,58,6912,8,8,0.0122005939483642
2158a488-de80-46ef-8eb8-426197ba9f29,5,2,2,3,0,3,102,3456,5,5,0.0030003070831298
5c65d129-30cd-49b7-af85-903e99e61f36,3,1,3,0,0,2,291,86400,3,3,0.0085997104644775
d46e7ab1-5680-4a7b-85b9-04b7e3f9a1a0,7,3,4,3,1,2,60,18816,7,7,0.0195996284484863
8602c721-15c7-40fb-89c7-817a44e1bd83,8,1,3,5,2,1,255,768,8,8,0.0027998924255371
74ec0a3a-f76b-4553-98ad-8665aa6a862f,8,3,8,0,2,1,21,12288,8,8,0.0057994842529296
79a705f9-698e-46fa-93ba-21d93e8f98dd,6,1,5,1,2,1,126,12288,6,6,0.0058011054992675
0f03b8d2-f739-46da-bd02-74ef04784050,7,3,5,2,0,3,33,6144,7,7,0.004800271987915
f8b0e22a-5306-4c84-b8c2-921b3651f2c2,2,1,1,1,1,1,50,11532,2,2,0.0017998695373535
9d748c3f-1444-4a32-8f30-9165dcbce188,4,2,4,0,0,2,34,2352,4,4,0.0014001369476318
82e90c00-c10a-460b-af07-e94242ff55cc,3,1,3,0,2,0,112,26136,3,3,0.0034001350402832
65d47fe6-b130-456e-9403-9518fbbe47d8,4,3,0,4,0,2,15,49152,4,4,0.0042368412017822
7b6d5388-9122-4e82-bd04-25013259aceb,6,2,3,3,1,1,50,4800,6,6,0.0023999691009521
3fb0b832-4783-46a3-ba5f-88aef73a88f0,4,3,1,3,2,1,14,432,4,4,0.0024000644683837
9e8b8e4d-ef4f-4fe3-8263-ce712bd812d8,6,2,6,0,2,1,98,12288,6,6,0.00280122756958
6fc0832b-8e8a-4a10-902c-a11bb893e5b9,5,1,5,0,2,1,69,864,5,5,0.0017997741699218
5acb28f3-6775-4938-a734-d9336c74ae9f,3,1,3,0,0,2,218,6144,3,3,0.0026003360748291
23ffa9f3-c0b8-4b9c-b29e-bd3f300033de,8,2,6,2,1,2,123,37632,8,8,0.0244003772735595
c77a6493-10d4-421a-8ea1-18ba098e01a3,3,2,2,1,2,0,133,95256,3,3,0.0125996112823486
d2e7407b-f5d1-4d3b-975e-6ccc4ba40cb9,5,3,5,0,2,1,32,345600,5,5,0.0279997825622558
f304b344-2e27-4cb2-9013-184383830d05,5,2,3,2,1,1,66,21600,5,5,0.0054005146026611
b075c80f-8068-4552-a488-8f66c10de7d0,6,1,6,0,0,2,269,15552,6,6,0.0046019077301025
410be2ea-3803-48a1-8966-885a82b33db2,4,3,4,0,1,1,12,3072,4,4,0.0010003089904785
0da3f0a6-7ceb-4ada-8ce6-7ba9fd95ecb1,4,2,2,2,0,3,89,3888,4,4,0.0013999938964843
ddbeec12-652c-40e9-ac8f-5c4cb24db8cb,9,1,6,3,1,2,221,55296,9,9,0.0235998630523681
c296f313-9664-4588-9f65-d795f2dc8892,8,1,5,3,1,2,78,3072,8,8,0.0038000583648681
0829d9fd-19a8-4de6-9dfa-6fe18e7c15d0,4,1,1,3,1,2,54,10800,4,4,0.0034007549285888
ebc544a8-0318-4827-95d7-fb3dcb1dd107,4,1,3,1,2,0,235,10800,4,4,0.0028000831604003
e0a8b001-f7b5-45b5-bb30-ebd7a0cdffa6,5,1,2,3,1,1,187,13824,5,5,0.0040001392364501
7c27406d-277e-407b-85a0-9fcb54d72ca0,5,1,2,3,2,1,178,369024,5,5,0.0389945983886718
731b8573-5cdc-4de4-bfb0-7969a7cfa724,5,1,3,2,0,3,213,1536,5,5,0.0018010139465332
2a65dd7c-7e51-4327-bc28-7565ed9437d7,6,2,4,2,1,2,105,12288,6,6,0.0108012199401855
58d6d6da-e969-4023-9507-f42f0a9b35cd,5,1,3,2,1,1,300,3456,5,5,0.0020001411437988
4de24c47-1605-43a8-a19f-505301213c05,3,1,3,0,1,1,45,369024,3,3,0.0135951995849609
cbfa8875-37d9-4609-abb0-53a73a15215b,8,1,8,0,3,0,262,150528,8,8,0.0289930820465087
f6dece03-a825-4575-b8a2-b76023ed4099,4,3,3,1,2,0,12,10800,4,4,0.0018003463745117
326ba86b-05d4-4337-873d-812b1af8b91e,6,3,2,4,3,0,59,768,6,6,0.0016000270843505
a459c37a-f4af-4b51-92bc-404127c95d52,5,1,2,3,2,0,58,86400,5,5,0.0042020797729492
750876da-2713-47d6-9c2a-28a074cb55fc,3,2,0,3,0,2,50,6144,3,3,0.0023999691009521
739935e1-a8c5-40da-802c-94440527dad6,7,1,6,1,3,0,69,6144,7,7,0.0023998737335205
8e796367-83cd-4c60-92e8-3f91166e1ed9,6,1,1,5,2,1,146,3072,6,6,0.0030001163482666
ac411c23-ce0f-4a2c-adf1-2952101eca62,3,3,0,3,2,0,30,6936,3,3,0.0036000251770019
169b7f64-8603-47fc-a301-d2ee1446f641,8,3,0,8,2,1,38,768,8,8,0.0024026870727539
50f1736a-fed2-4059-8149-7ccb7be4294b,4,3,2,2,1,1,59,46128,4,4,0.0136004924774169
abcc530f-4d31-413e-bc94-0a210bd82e95,5,1,2,3,2,1,48,864,5,5,0.00180025100708
7f949468-ec8c-47d8-8471-85fccdda902d,6,3,2,4,0,3,24,6912,6,6,0.0054001331329345
bbcd1ae5-cb0e-448a-9868-440740b70e08,4,2,1,3,1,2,41,3072,4,4,0.0020000457763671
d14cba76-8155-4f9a-a436-ad0df819898b,6,1,4,2,1,2,34,12288,6,6,0.0080001354217529
6d81bcc0-3263-4e96-93b8-607fedd5fc0b,2,1,1,1,1,1,184,12288,2,2,0.0042057514190673
dd94b9bf-e4d2-474d-8623-71cf5df21404,5,1,2,3,2,0,83,104544,5,5,0.0103998184204101
b2122842-8287-41f0-b8fe-c5c95411dc29,2,3,0,2,2,0,23,43200,2,2,0.0059996128082275
49b68d05-6d23-4685-ba24-cb6b57b55650,4,2,0,4,0,2,116,10800,4,4,0.007200002670288
378449b3-ab34-45b0-a09f-8e9d27f2de40,5,1,5,0,0,2,37,381024,5,5,0.0343655586242675
65ad3d4b-5aa2-482f-a3ad-af49b9c69b52,3,2,0,3,1,1,68,5400,3,3,0.0016007900238037
2fce7e21-fa3a-4584-abad-97a4db1ecc9a,6,1,6,0,2,1,132,43200,6,6,0.0114012241363525
8953c1e8-bb40-45f4-9886-7be68db2819b,4,2,4,0,1,1,48,46128,4,4,0.0036000728607177
00a32bea-8c2a-45a0-b437-7310a9da1644,5,3,4,1,3,0,27,27744,5,5,0.0047999858856201
6c1f8bff-cc80-40b1-8774-f2c72b9db524,2,2,1,1,1,1,148,10800,2,2,0.0024003505706787
9ceccede-53b6-4760-a2a2-b15177972696,5,1,3,2,1,1,165,345600,5,5,0.0338023662567138
acbd163b-249d-43c9-950c-64655831cfbf,7,3,7,0,3,0,30,3456,7,7,0.001792573928833
7af14746-1cc8-4a04-a50b-35596e3e51d4,6,1,4,2,1,2,57,12288,6,6,0.0030003547668457
35aaea45-ad7a-43c5-a517-96824b2d7190,4,3,4,0,1,1,64,34992,4,4,0.00480318069458
972b28ab-374e-4b86-8576-08f8af08828f,7,2,2,5,0,3,137,384,7,7,0.0031993865966796
4363a6b2-46e2-41b6-a836-490a2a1b4956,5,3,4,1,2,1,51,27744,5,5,0.003799819946289
9ec4aed3-4e44-4ac9-91b6-bdd2f504fa57,4,1,1,3,1,1,116,2352,4,4,0.0026001453399658
8b04e7e2-061a-4256-990b-3a3be7b4326f,4,2,4,0,2,1,28,6912,4,4,0.0014002323150634
4cdea629-798e-4685-bef0-8b2eea0edd10,6,3,3,3,2,0,37,32448,6,6,0.0062028408050537
9876e515-e344-4946-9b8f-ee8d64ece150,3,3,0,3,0,2,10,5400,3,3,0.002799367904663
c9fb59e9-f051-421d-9635-83062a14911e,6,3,3,3,2,1,43,1728,6,6,0.0030000209808349
feb04932-dfa0-4385-be20-34f880232b8e,3,1,3,0,2,1,173,92256,3,3,0.0092003345489501
5b331d26-fbf0-4862-b462-9beec6d33533,4,2,0,4,0,2,70,12288,4,4,0.0031923770904541
bdc3baaf-66cf-4728-b5bf-ffc7bf8486e3,4,3,2,2,1,1,49,768,4,4,0.0016000747680664
f1fb10ab-0b47-4423-bd80-abb0ce793b4e,4,2,0,4,1,1,28,49152,4,4,0.0039998531341552
f97b70b2-2151-4174-b5d8-c5de89685ed2,3,3,1,2,0,3,30,1944,3,3,0.0020004749298095
37ef30b6-6c42-45f0-ab04-b77667103711,6,2,3,3,1,2,146,43200,6,6,0.0076005458831787
7b22c003-dda7-46a8-87a0-0e73e513512a,2,2,2,0,0,2,77,2700,2,2,0.0012006759643554
2b2458d0-4c8b-4e6e-af6f-f9a233341e2f,4,2,2,2,1,1,90,774192,4,4,0.0673584461212158
0146965b-1bf0-4103-994e-8e3f75121a65,6,3,2,4,2,1,9,9408,6,6,0.0028014183044433
7de89dc1-46d0-4df5-9db9-d64b984e4cc4,6,1,2,4,1,2,240,768,6,6,0.0027990341186523
063cc2b2-aa75-42a6-914a-33e348b28ed2,7,2,7,0,0,3,38,384,7,7,0.0036002159118652
1260196f-b222-4cb6-b0f4-ddd96b457897,4,2,4,0,2,0,142,8112,4,4,0.0028004169464111
7cb58f44-fe15-446b-8707-a9c59c56233a,5,2,2,3,1,1,84,864,5,5,0.0017999649047851
f40df685-92c7-406e-ada2-1d2c85355422,3,1,0,3,2,0,252,23064,3,3,0.0076000213623046
a5bfb3a6-5440-4e2d-ba4c-40e91e696e7a,4,2,1,3,2,1,146,3072,4,4,0.0020010471343994
3df94d14-6bfa-4880-9432-8ba211b4ffdd,6,3,1,5,1,2,53,768,6,6,0.0044003963470458
43d38cbf-9240-44d0-befd-e93bfd8a9d2e,6,3,3,3,2,1,72,4800,6,6,0.0028005123138427
ef902a2f-340d-4d5b-aeab-2cdf8437570f,5,3,2,3,2,0,11,7776,5,5,0.0023993968963623
003370a7-b6a1-41e5-9991-1e8e271e3d95,6,1,2,4,1,2,132,32448,6,6,0.0083998203277587
ba9a970c-7a24-4e82-a280-356f4182f60e,5,2,3,2,2,1,88,21600,5,5,0.0034014225006103
e9551156-b3f7-455a-8d5d-a1ebec4e0fe7,5,1,3,2,1,2,263,92256,5,5,0.0200001239776611
fa24a43a-8cc1-46f0-a714-eae03c0446d6,4,3,3,1,1,1,56,34992,4,4,0.0054003715515136
830d4dff-7f79-4c27-802e-577e36a02d3a,5,1,0,5,2,0,46,393216,5,5,0.0134001731872558
ce39ed7a-0851-41e1-aba8-9bdd2c6c9777,7,2,2,5,2,1,64,9600,7,7,0.0045877456665039
d9f2d63f-d68d-4636-90dc-d02402dee397,5,1,2,3,1,1,183,96,5,5,0.0016062259674072
f9826e28-3ed4-461b-af04-a7bd45335c6a,3,2,3,0,0,2,110,6144,3,3,0.0011931896209716
7aef0fb9-5a7f-40ad-a518-90f2b684c6d1,4,1,3,1,3,0,278,2352,4,4,0.0014001846313476
0e370c24-753a-4b22-b37b-d09df2123662,4,3,3,1,2,0,23,3072,4,4,0.0026003837585449
a28a7d69-d4e1-443f-891d-940655c46698,6,1,4,2,2,1,211,9408,6,6,0.0049952030181884
d646ad5a-1058-428e-ba50-18cde5aebba7,4,1,4,0,2,1,74,3072,4,4,0.0011993408203125
738bf0ad-9c00-47fc-9d6e-38c17448e01a,8,2,6,2,0,3,51,6912,8,8,0.0093999862670898
56ceabdf-3a4e-47d5-985e-f4a2b4d69a9b,2,3,1,1,1,1,73,12288,2,2,0.002200174331665
e8d9ff7a-530e-4564-b6aa-b33e88d4d324,7,3,3,4,2,1,12,24576,7,7,0.0030001163482666
1421e4ba-ca3c-446a-89cb-33e9219b20ea,3,3,3,0,1,1,18,24576,3,3,0.0022000312805175
54d9a997-ffa9-40cf-b2e6-0da305fb9a10,7,1,0,7,2,1,46,1536,7,7,0.0039999961853027
e30f206f-d041-440f-95df-029c4bd22ae0,7,1,4,3,1,2,100,384,7,7,0.0014002799987792
85ab6fc1-d898-4b69-9f4f-7be9a79bcea4,7,3,3,4,1,2,62,46464,7,7,0.0157995223999023
3d74d2c3-5403-46a2-91e9-8b0be23c264b,6,2,0,6,1,2,94,9408,6,6,0.004400634765625
4320da02-507e-4663-9196-94d394168191,3,2,0,3,0,2,105,89304,3,3,0.0082002639770507
d8f55230-9fef-48bd-976f-b87f32f4fe1e,2,1,1,1,2,0,165,12288,2,2,0.0023979187011718
6686f8e0-62fd-48d6-8510-cf1e95684056,3,2,2,1,1,1,31,21600,3,3,0.0026000499725341
85ea8f9a-dcf0-48a3-86a7-25544fcf5b53,3,3,1,2,1,1,19,86400,3,3,0.0100005149841308
53c0d6a8-3556-4afb-9905-ebaf07131fac,4,3,3,1,2,0,19,3072,4,4,0.0028003215789794
5fcfca66-ad21-4872-b0a4-4d5970a91c12,4,1,3,1,1,2,151,190512,4,4,0.0178001880645751
be2ec6d4-da84-4222-976f-9b8b932d3f61,4,1,2,2,2,0,120,12288,4,4,0.0029999732971191
a52d6064-2c27-4bdb-a64c-814c3129d378,5,3,3,2,1,1,65,384,5,5,0.0019995212554931
81387f23-6da3-4429-a768-ef3c7444771a,4,3,0,4,1,1,43,432,4,4,0.0016000747680664
41e206b7-2704-4a6d-8b3b-87242bfc6845,8,3,3,5,3,0,34,49152,8,8,0.0128002166748046
fd9a3715-39f2-4f11-82cb-c663171bcac3,7,1,4,3,2,1,57,55296,7,7,0.0088004112243652
1782a4df-249d-48eb-9363-1d9ebed68ed4,4,2,2,2,1,2,124,12288,4,4,0.0055998802185058
990a1679-bf42-4c59-9eea-473fcfb6cc12,5,1,5,0,1,1,179,4704,5,5,0.0023997783660888
56a18b49-d604-4581-8ef7-fa22fd7c7d82,6,2,5,1,2,1,130,6912,6,6,0.0045996665954589
48537bcb-10fd-4ae9-ba9a-96e104f1f3f9,7,3,3,4,2,1,56,75264,7,7,0.0321996688842773
653a48e1-3502-437c-a9d0-b369fef5ca44,5,2,0,5,1,2,42,4704,5,5,0.0063997745513916
bf906c95-847a-40e9-aa10-a5587fa03b38,4,3,2,2,1,2,9,768,4,4,0.0017996788024902
9372ce86-8f4a-434e-bb69-e34f88a6cf7f,6,3,3,3,2,1,31,192,6,6,0.0011996746063232
fcb74a88-615f-4a98-bb73-79c9ba96feb1,5,1,5,0,2,0,133,21600,5,5,0.0038004398345947
ceb6d6d7-36e1-4b6b-a9fa-861996ae2734,6,2,3,3,2,0,33,192,6,6,0.0029999256134033
2b68c914-bce5-43ad-9ed7-550259544fc5,5,3,2,3,1,2,7,86400,5,5,0.0054083824157714
92ddadae-9baf-47b5-b4bc-32213ad0f8cc,8,3,6,2,2,1,72,6912,8,8,0.009399938583374
b21e9b47-e951-456f-b19a-1b0d48e5d6ba,5,1,0,5,0,2,218,7776,5,5,0.0028004169464111
6e5b15ab-dc76-4c99-a621-de1185b838a7,6,3,1,5,1,2,33,768,6,6,0.0033999443054199
94760433-da2c-4829-bb72-cdaa4ee4b6ca,5,2,1,4,1,2,89,110976,5,5,0.0130002498626708
b689438f-48b2-4bf9-b3d4-9aeef1fcb151,8,2,0,8,2,1,32,6912,8,8,0.0189999103546142
92ede7dc-6e3a-4b6e-ab4f-b1e5d9bdad6e,7,3,2,5,2,1,10,1536,7,7,0.0024006843566894
62cfc08f-049e-4b5a-84a4-6f16af5eae0d,6,2,6,0,0,3,44,192,6,6,0.0018003940582275
a5332429-0994-4450-8f9f-21368d8cfc80,3,1,2,1,1,1,184,21600,3,3,0.0028002738952636
40fd1398-16b9-4cf5-bede-6f7068974ff6,6,3,0,6,1,1,49,6912,6,6,0.0024007320404052
cbe4f14a-daae-4d94-80fc-f7d7c74eb462,8,1,3,5,2,1,123,12288,8,8,0.0101921081542968
8d6ef14c-e6ba-446f-b7ea-76a79fadda44,5,2,5,0,2,0,54,27744,5,5,0.0027999877929687
4ade1341-7024-4449-a584-5ef1fa092f68,6,1,3,3,0,2,79,2904768,6,6,0.1585736274719238
dbcd031f-05a1-4cc4-ba18-8ee83c4fbd24,3,2,0,3,0,2,31,98304,3,3,0.0106002330780029
4963ead4-6bde-46f5-8957-21b26a15978f,5,3,2,3,2,0,25,6144,5,5,0.0019990444183349
27fc0e3c-ba2d-4f3b-9fa2-ebcfd9bfd0c0,3,1,1,2,0,2,229,864,3,3,0.0015998840332031
2985693e-155b-4551-8ca1-5e416bc6ada7,5,3,2,3,0,2,50,96,5,5,0.0011997699737548
3bd76ffd-c768-4e24-8e23-04a84dfc91cd,5,1,1,4,1,2,232,96,5,5,0.0020003318786621
f7277dd8-53fa-445a-be62-a875b743a5b0,6,2,3,3,0,2,61,3072,6,6,0.0035996437072753
e9c36c33-2ae2-4adb-b9b0-a52390dbe8d6,3,3,2,1,1,1,32,6144,3,3,0.0018006324768066
846dac2e-86ef-45ac-a8f5-a1136d73d4a4,4,3,1,3,1,1,51,1728,4,4,0.0020003318786621
8bfb9524-595f-46ee-87c1-3716fea9e593,3,3,1,2,0,2,25,23064,3,3,0.0042007446289062
89299eb3-2ed0-4a9d-ac38-c1083399d826,5,3,0,5,3,0,53,2400,5,5,0.0027996063232421
8a19d210-c311-4ed2-b9ab-10d4fddde2a5,4,1,2,2,1,2,169,12288,4,4,0.0047994136810302
74c31720-df56-44a9-84c7-bd9744ef8589,3,3,3,0,0,2,45,95256,3,3,0.0084008693695068
5b652e9f-d09b-456a-b574-16101515a768,5,2,0,5,1,1,146,21600,5,5,0.0100000381469726
09ad5275-09e0-4365-947e-1d65f6d7daef,4,3,0,4,0,2,25,12288,4,4,0.0051997661590576
c39ede5f-13e9-46ba-856e-c1ebff3a098f,7,1,5,2,2,1,134,24576,7,7,0.0202001094818115
e33edd8a-1fd1-41f1-999c-d87dcf2dcfbe,4,1,1,3,0,2,273,49152,4,4,0.0098003387451171
da267069-22f9-4f61-a7bd-6826c006f81e,3,3,0,3,2,0,8,5400,3,3,0.0019994735717773
3a883b25-9fbc-4e8b-ac4a-691973a91a34,3,1,1,2,1,1,241,24576,3,3,0.0042015075683593
c0d58c9b-a847-4c71-ab02-3a3ff0f2a59b,8,1,0,8,2,1,120,3072,8,8,0.0035999298095703
f7cd3f3b-a9ad-44d0-a92e-e60338fc4eb9,7,3,2,5,1,2,49,3456,7,7,0.003200340270996
789b04e6-dee5-40f2-91b5-0a005905d812,4,1,1,3,1,1,213,768,4,4,0.0010000228881835
576c4160-7899-4e27-95bb-0b9d26967999,5,3,3,2,2,1,22,6144,5,5,0.0015996932983398
6603bf06-ba03-4985-8089-58bfee06b111,5,2,0,5,0,2,112,864,5,5,0.002000617980957
d5889530-08a2-43da-aefc-94578487960c,6,2,5,1,3,0,130,150528,6,6,0.0205960750579833
dcc429ff-1e61-463d-a650-54fa053a11d3,6,3,4,2,3,0,33,768,6,6,0.0023996829986572
7c51d3b2-ac3e-47f2-b0aa-bee559c3fd1f,5,3,2,3,0,2,50,21600,5,5,0.0108078479766845
f03e0a3d-3e79-472c-ab03-5a3245fe334b,5,2,0,5,2,0,88,92256,5,5,0.0076005935668945
1e66608f-2b2f-47c5-aaf1-5a4d2291e59e,2,1,1,1,0,2,264,11532,2,2,0.0031946182250976
480aacf4-782f-4d9e-bd09-20e0f1f0beff,4,1,1,3,1,1,240,40368,4,4,0.0043994903564453
f563a9b1-939e-45b9-9683-ac25e99d777a,4,1,0,4,1,1,85,2352,4,4,0.0015998840332031
3c26c03a-2ce8-4de7-9097-1aff91ac00a0,5,3,3,2,0,3,32,24576,5,5,0.0046005725860595
2e475b1c-abf2-4dad-93ce-5685e460e7b7,3,1,2,1,2,0,228,1536,3,3,0.0007999897003173
751ece43-453d-493b-be0b-d9c854c6ab9d,4,1,2,2,1,1,133,12288,4,4,0.0017992973327636
39312443-54f1-4577-b09f-a87eebde653a,6,1,3,3,1,1,300,192,6,6,0.0013999938964843
6af6892c-f381-4c08-96d9-6ffcad0feeec,4,3,1,3,1,1,41,17328,4,4,0.0024002075195312
7c27befa-3a48-45be-b65a-e9d241ed59cc,6,3,6,0,1,2,20,12288,6,6,0.0049997806549072
6e1f7f2f-cc7d-4e51-9aa2-63976d8fe09a,8,3,3,5,2,1,48,6912,8,8,0.0080002784729003
f418064c-eac4-49da-8c34-5617d64fbb96,5,3,2,3,2,1,62,27744,5,5,0.004200267791748
4ec2edc0-1bc7-4a0d-a7bd-d801297c8e5b,5,2,3,2,2,0,65,18816,5,5,0.0032003879547119
9b06afd7-d396-43aa-b99f-8202d0e7dc3b,3,1,0,3,2,1,229,23064,3,3,0.0061999320983886
e5838e95-9ed4-4169-abc2-345482a528f8,7,1,5,2,0,3,204,9600,7,7,0.013600730895996
5e7c1bbb-fa73-4e85-9342-762c2a149178,7,1,4,3,2,1,128,18816,7,7,0.007001256942749
d724ccee-eee7-4bfa-a338-e2213766e368,6,3,0,6,0,2,33,150528,6,6,0.023000144958496
a845e16d-9d89-44fd-bbc1-326cec5d8567,6,2,3,3,1,1,43,37632,6,6,0.0076058387756347
d380dae2-0fe1-4af4-834d-7ba0596dbed8,4,2,0,4,1,1,84,1200,4,4,0.0013999462127685
a2c8cbea-9e7c-4931-8ebf-e6fdddf18e39,8,3,8,0,1,2,25,6912,8,8,0.0098074436187744
463cf107-bfac-4fc1-b5d9-4818865a6745,5,2,3,2,2,1,95,1536,5,5,0.0026001930236816
c964b0d3-4eba-4a28-85ec-dd5f8df69976,5,3,5,0,1,1,47,6144,5,5,0.0030014038085937
e332a1cc-e13e-4398-a6db-2f55ae0f851a,7,2,2,5,3,0,25,1536,7,7,0.0038006782531738
9692a027-6b72-4b73-94ff-f423023d525b,2,3,1,1,1,1,28,13068,2,2,0.0020001411437988
b428efd2-2b95-430f-9708-9300587c1717,4,2,1,3,2,1,100,432,4,4,0.0021997451782226
daff2502-e1e3-4ae2-8b24-bc8b50ce95f0,5,3,4,1,3,0,15,18816,5,5,0.0032000064849853
ecf3fabf-cd34-4de7-8a8b-c988e32bbc71,8,1,2,6,3,0,43,768,8,8,0.002599811553955
37d9bca7-05ca-4642-802c-39439c586b21,4,3,4,0,1,1,15,43200,4,4,0.004599905014038
a6a7489e-d619-44d0-9529-d3b5f28938dd,4,3,1,3,1,2,7,432,4,4,0.0014002323150634
143440ff-e5a9-4a1d-a901-e7bcc23d37e8,4,1,2,2,2,0,87,768,4,4,0.0010000228881835
d358d324-b64a-4799-ad86-c6be10d4e8df,5,3,4,1,1,2,58,4704,5,5,0.0022005081176757
23d9cc1c-2fe4-418c-9fe1-12c147a2e04b,5,2,2,3,0,2,57,3456,5,5,0.0042002201080322
c113e635-51c1-40dd-a6eb-21e725943497,7,1,5,2,1,2,276,6144,7,7,0.0052002429962158
f7c51e63-d64f-4c3e-b725-9a69c60fca98,4,2,3,1,0,3,118,1200,4,4,0.0027999401092529
02aa14ef-fa8b-41cd-9625-e26e4a8c68fb,5,2,5,0,1,2,125,384,5,5,0.0023998260498046
9e13dc0d-bd0c-48e8-b15e-21c83bae6e87,4,1,1,3,1,1,42,10800,4,4,0.0037999629974365
7edca157-d1e8-4ad8-9ff9-008cb4c6cd72,4,2,0,4,0,2,81,3888,4,4,0.0038012981414794
6793f63b-c7b5-42c1-8ca3-7302102da0b5,6,3,3,3,1,1,69,172800,6,6,0.0263935089111328
2de6b806-c645-4914-86fa-cb52c2802de4,6,1,2,4,1,2,209,172800,6,6,0.0216001033782958
6f2c79cb-43c8-4c9d-9064-484c24fa547d,6,3,0,6,1,2,31,3072,6,6,0.0037934303283691
85586e10-d472-4b64-a3c9-ca256d25f2cb,5,3,1,4,1,2,39,1536,5,5,0.0028000354766845
a0923baf-8756-4d4c-8620-ceeb43c7a0f9,4,1,4,0,2,0,157,12288,4,4,0.0018007278442382
cca4ddd4-1462-4ba0-9cac-3a97e99c1339,4,2,1,3,1,1,22,9408,4,4,0.0034005641937255
d92eff3b-32c1-4eeb-b773-e1ced6bb4a7e,5,2,3,2,2,1,25,11616,5,5,0.0050714969635009
ea9ec149-57a6-4b49-977b-162b80dc9a8f,4,3,2,2,1,2,59,10800,4,4,0.005202579498291
91bd4767-4bc7-427e-a14b-14338615ec60,4,2,2,2,1,1,120,5808,4,4,0.0018009662628173
aa3f1360-d8b0-4fb6-ae31-25ec8dd1aafb,3,3,0,3,0,2,51,5400,3,3,0.0034001350402832
57a482f4-9203-4d8a-a89b-7f8a2e0a4f1d,5,2,2,3,1,1,128,7776,5,5,0.0037995815277099
735188c6-7d0d-4a6d-9243-15df99b44f77,5,2,2,3,1,1,59,21600,5,5,0.0052010059356689
da570ace-d238-4db7-a876-b092c9a017a0,2,3,2,0,1,1,15,187500,2,2,0.0099997520446777
029e2e19-cf48-4929-bbe9-485357608728,2,2,0,2,2,0,147,49152,2,2,0.0066002368927001
15f51db7-2ab8-4489-aea8-93b2bf5a7b10,3,2,1,2,2,0,38,6144,3,3,0.001392650604248
e19ce673-03d3-44c3-9bac-c28141068137,4,1,2,2,1,2,238,2352,4,4,0.0021930694580078
0b0e639a-96da-4a1e-8913-cbbec50a06ef,4,1,3,1,0,2,135,2352,4,4,0.0020002365112304
37a02d16-642b-46bd-a733-54820599c1cf,2,2,2,0,2,0,130,184512,2,2,0.0156076908111572
6f764ba7-ff1b-4e0b-a60f-a973cd784b9a,6,3,5,1,0,3,25,49152,6,6,0.0076005935668945
64d35adb-0d6c-4aa5-914d-c5007b9e8a14,6,2,0,6,2,0,70,32448,6,6,0.0086000442504882
abcb3fd7-d144-45b9-b216-c908628a792d,5,3,2,3,2,0,51,18816,5,5,0.0044002532958984
5c3d8977-9ea8-44bb-a9d7-ab042bba65d2,5,1,1,4,2,1,260,4704,5,5,0.0030003070831298
0fb50486-1e3f-4714-a2cd-1ab1510cb614,4,3,1,3,2,0,42,432,4,4,0.0018000125885009
5a1d7fb6-7c41-4078-9697-abb5692bc1a6,5,2,5,0,1,2,93,4704,5,5,0.0030001640319824
01eec993-e4a4-4318-8da4-d339fb672873,5,3,5,0,1,2,72,864,5,5,0.0022002220153808
4b6e24b8-6dae-4e30-89ba-fca51e5b59b4,2,3,1,1,2,0,37,3468,2,2,0.0018001079559326
f8e06cc7-aec4-47e9-b84b-2f280b086347,4,2,2,2,1,1,29,178608,4,4,0.0124001026153564
556abfa1-372f-4d93-8d61-b551fce4c479,3,3,2,1,2,0,40,4704,3,3,0.0019999027252197
30c3a30e-8e40-477f-960c-a50cd831133d,4,2,0,4,2,1,105,1200,4,4,0.0011979579925537
d7029e89-4f44-4255-bf9f-2ca120ca85d1,6,1,0,6,1,2,155,6912,6,6,0.003000259399414
b2cb0b89-1d3f-4cae-8adf-eea0d544f109,5,1,5,0,0,3,197,27744,5,5,0.0041998863220214
9182f549-0195-4aaf-ad6c-5e536de3f6b3,5,2,5,0,2,0,86,7776,5,5,0.0027999877929687
62426f7c-5f69-4902-8f3a-b7d2c8b356a7,6,3,4,2,0,3,56,172800,6,6,0.0243929386138916
e08b51e6-d76e-4b42-820d-94dd73691646,6,2,6,0,1,2,23,768,6,6,0.0016001224517822
4c0092ba-63f8-49ea-8721-2bfddfe67578,4,1,3,1,1,1,241,46128,4,4,0.0138001441955566
86e5d065-fb35-4b27-8314-c8df12c07867,3,2,2,1,1,1,60,1944,3,3,0.0008001804351806
01450d16-e131-4c22-892c-5bdadbdb56e4,5,1,5,0,0,2,270,16224,5,5,0.0026002407073974
44d72996-d5d1-4d3c-98b9-e6a2093ca3ee,5,1,5,0,2,1,206,96,5,5,0.0012001514434814
151feff4-d14c-4850-9843-a6a65eb297d0,7,3,4,3,1,2,10,1536,7,7,0.003200340270996
014a8704-e00c-47d1-aee7-4a270ccb0aef,6,2,4,2,1,2,18,9408,6,6,0.0046009540557861
24c4f9a1-4bb6-41a4-8c25-ebff135e7ded,7,3,0,7,1,2,48,384,7,7,0.0032001495361328
b3fad9c4-00b3-49c6-a1dc-80ae39929c60,5,1,1,4,1,2,198,6144,5,5,0.001600170135498
607eea4a-aaf0-4c85-8ff5-9ae22ccac8fd,4,3,3,1,2,1,74,1200,4,4,0.0012001991271972
246bd45f-3db2-4280-8c1b-073ce3a0b858,4,2,1,3,2,0,40,9408,4,4,0.0013996124267578
f9d30990-c171-4852-950f-642169ca3119,4,3,0,4,1,1,60,2352,4,4,0.002200174331665
73971ebd-a67c-4fa7-8ff3-02d061c289cd,6,3,5,1,2,1,15,192,6,6,0.0042006969451904
fd66a46e-fcd3-4b20-9fbe-203c58e10268,4,2,3,1,2,0,107,3888,4,4,0.0025982856750488
9e756756-8824-4b26-80f5-900fb86abae3,5,3,2,3,3,0,69,3456,5,5,0.0044007301330566
8f3c0217-6984-44d2-b37a-363b9e5db1b1,2,1,1,1,0,2,44,47628,2,2,0.0045999526977539
27ee9ad0-96c2-4301-ad34-0765e04c8316,6,1,3,3,0,3,250,1728,6,6,0.0047998428344726
b7e84b85-a9fa-42f2-802e-f94ee65e425d,7,2,3,4,1,2,102,1536,7,7,0.0076000213623046
1e20cd30-7ffd-46fc-9da4-d5e46a45f546,3,1,1,2,0,2,165,101400,3,3,0.0112000465393066
b73c59d2-b10e-4ec4-9a23-c1fa49c6a2eb,2,2,2,0,1,1,59,46128,2,2,0.0031933784484863
5eae5108-8bc9-4e61-8800-3363ed93badb,6,1,3,3,1,2,237,43200,6,6,0.0066002368927001
3ed27363-d5af-4c83-a7b2-669e7cde89d5,8,2,3,5,1,2,115,768,8,8,0.0033999919891357
f4134388-ad42-4b48-aa69-bc6e9e327c3b,2,2,1,1,0,2,73,11532,2,2,0.0017999172210693
c492623e-e060-4b3f-86bf-621b5b72e227,7,2,4,3,1,2,33,6144,7,7,0.0040002346038818
905a57a7-593b-4891-9530-7ae138025990,4,2,4,0,1,1,59,43200,4,4,0.0047999858856201
c622a14f-fd18-4409-8cf9-96441fb32f94,8,2,3,5,2,1,102,27648,8,8,0.0090004920959472
23e157ce-3285-4023-a1c8-5daebe6535ea,6,3,6,0,0,3,48,37632,6,6,0.0132002353668212
2bdf36b3-3bc3-4ed1-82a7-4c8a6d527bd1,6,1,6,0,0,3,185,6912,6,6,0.0025928974151611
2ca8dfc8-8d08-42f0-9185-3764017bda6d,4,2,1,3,2,0,25,46128,4,4,0.0030004024505615
30e02a70-b7e0-4db0-a0e2-ea6a64df3e8d,6,1,4,2,1,2,92,12288,6,6,0.003000259399414
a3381f06-a0d2-4381-ae02-d0fff5484353,2,3,2,0,2,0,57,2700,2,2,0.000800085067749
193e1f8a-b0bc-43a8-b14a-7d5fca847211,3,2,1,2,2,1,52,89304,3,3,0.0071999073028564
36d73392-c5b1-42ee-8545-f3d902ff771d,2,2,0,2,1,1,104,49152,2,2,0.005800437927246
95620c88-713a-4c85-90d8-6eb5e7a8e1a6,3,1,2,1,2,0,83,95256,3,3,0.0054009914398193
e5506364-dc18-464a-a995-fdde924aaba8,7,3,4,3,2,1,12,345600,7,7,0.0177998542785644
4e3c9704-5465-43e5-9cde-b7779b47471a,3,3,3,0,1,1,50,21600,3,3,0.0028006553649902
e88d8ca8-a70c-4939-9682-9908c13e44b5,3,1,1,2,2,0,111,6144,3,3,0.0019998550415039
1dfcf448-736c-4874-8d19-cfbc21f30c4e,3,2,2,1,1,1,143,1944,3,3,0.0017998218536376
3dd071df-a59f-4c92-a0d9-f7e19de2b9d2,9,2,6,3,1,2,23,1536,9,9,0.0102003097534179
dd5e727d-6cf3-422d-8acc-4036d0d03821,7,2,0,7,2,1,68,24576,7,7,0.0085996150970458
c035fb0f-51e3-4a90-aea1-c503fbb4876d,4,2,0,4,0,2,148,3072,4,4,0.0018001556396484
3db2a701-a1b2-4ac3-9c32-1d74f2a60358,5,2,1,4,3,0,52,864,5,5,0.0042003154754638
4974d504-046d-4dce-ad6c-458589a17603,7,1,6,1,0,3,210,6144,7,7,0.0032002449035644
d03a62d8-c893-4de4-99a4-c110099ea102,5,1,0,5,1,1,63,16224,5,5,0.0047999858856201
566d6fb4-53bc-4b55-8900-9a64fa20a8b3,3,3,0,3,1,1,69,21600,3,3,0.0040004730224609
a57a6cb6-cd16-4f69-8b69-b48df23354bc,3,1,0,3,1,1,294,21600,3,3,0.003799819946289
eb131dcb-3fae-4ab8-84ca-ed30b730d67e,6,1,0,6,1,2,284,49152,6,6,0.0128004074096679
8071ac88-6c6a-4336-a102-2cb16be58641,6,2,6,0,2,1,113,27648,6,6,0.0039951801300048
86941112-6f8d-4f7c-b553-74490b7c36b4,5,2,0,5,0,2,104,3456,5,5,0.0030003547668457
49dad3fd-54ee-4ebe-bc5c-a61cb58b7d1e,7,1,7,0,3,0,39,31104,7,7,0.0059999942779541
e1db3afc-5bc4-48ca-84b9-f3ff73d4bc00,4,2,0,4,2,0,134,10800,4,4,0.0035925865173339
bc9913aa-57de-4d2e-8a6f-bb09288811c8,5,2,5,0,1,1,41,4704,5,5,0.0019933700561523
2143909f-2788-42fb-ae4d-d3e371994822,4,2,4,0,2,0,19,1728,4,4,0.0010000228881835
7848aa04-5c45-4b58-a8a6-0a432e05cfa6,6,3,3,3,1,1,71,3072,6,6,0.0027995109558105
47e1b04d-ca35-4502-b871-b74995811016,4,3,3,1,0,2,44,46128,4,4,0.0054001331329345
bd83b77b-2596-49f1-a127-1ae3f5d3ad77,7,2,6,1,3,0,120,384,7,7,0.002000093460083
5cbc0420-544c-4720-9689-8aec54b973b1,5,2,5,0,1,1,107,92256,5,5,0.0083943843841552
fe366057-7a32-43d7-b776-8ae4ec0a070b,8,3,3,5,1,2,46,6912,8,8,0.0044025421142578
f34b7389-1397-47fb-a18e-2583d3038e72,6,1,3,3,0,2,274,691200,6,6,0.0759998798370361
f1d685ab-2cb0-4b0f-97ec-19155d4c1ee1,7,2,0,7,2,1,118,3456,7,7,0.0047928810119628
c42e7973-b44c-46a7-a8b5-99c530a8a288,5,2,5,0,1,1,118,86400,5,5,0.0144000530242919
e8bb1b40-9e6b-4dc8-9f1d-4bc7fb4c24e1,3,2,3,0,0,2,122,23064,3,3,0.0032855987548828
4a86a83b-eb6c-4f45-9e83-fb1391f86c5f,9,2,6,3,0,3,37,98304,9,9,0.0420004367828369
8be0dcbd-b7f9-41f9-8c83-d1035c85e42d,6,3,2,4,2,1,68,768,6,6,0.002592658996582
60742003-6959-4301-9923-1215c37049bc,5,2,4,1,1,2,85,86400,5,5,0.0131997108459472
8ba780ec-e696-4f95-8fa0-acc7e1f32c3a,3,3,3,0,2,0,50,95256,3,3,0.0079935550689697
041fa07d-c54c-4fcf-8731-0240fc14ee86,5,1,3,2,1,2,228,75264,5,5,0.0079940795898437
74a1a1a5-9065-4344-8d4e-94d01319650f,6,2,3,3,1,2,124,1728,6,6,0.0017928600311279
83ec961f-9b1e-44f1-be82-0c2fdfc509e4,4,2,3,1,1,2,50,8112,4,4,0.0030009269714355
f8ec7cfc-7e9c-49e5-90f0-1bcc0fb0292a,3,2,1,2,2,0,98,1944,3,3,0.0013933181762695
93e765bb-68fa-4f53-a305-dc0975e58510,7,3,0,7,2,1,16,6144,7,7,0.0060005664825439
ab349ec4-8144-4aa1-808e-c9663946e492,2,2,0,2,0,2,60,12288,2,2,0.0011997699737548
0c92a58b-6bab-448f-83e6-e287913e86d0,3,2,3,0,1,1,75,107736,3,3,0.0070003509521484
d2f13439-41e8-4458-825f-1d286ab7580c,5,3,5,0,1,2,59,27744,5,5,0.0059998035430908
e163c095-412f-4b99-86a2-a2fc1251f3bf,7,1,6,1,0,3,270,13824,7,7,0.0059999942779541
c6772019-e04c-4400-9b67-50b78afefe38,4,1,4,0,0,2,200,8112,4,4,0.0012001991271972
fbd93d93-9982-4e8d-a1f7-74370160911b,4,1,0,4,1,1,181,15552,4,4,0.0024001598358154
b670f79c-b8ef-488d-be17-ce84e484ad96,4,3,2,2,1,1,69,12288,4,4,0.0034006595611572
6f87ea6b-c8af-462b-925d-318a3e837ead,2,3,1,1,2,0,34,13872,2,2,0.002000093460083
3c6a33d8-9a4f-42ca-96b3-a8dea94dbabe,3,1,3,0,2,0,284,6144,3,3,0.0026001930236816
bfd01870-ff0a-4e3a-b133-dcd923a534cc,3,2,2,1,0,2,31,21600,3,3,0.0027999877929687
fd70539b-64a2-4799-9fd4-9892bcb3ea1c,5,1,0,5,1,1,162,7776,5,5,0.005400276184082
94c8bac6-e41c-4b85-9480-83da5b8c2c9f,5,1,3,2,2,0,209,384,5,5,0.0042004108428955
561ddbde-ccb8-48ef-badf-56697096c7b1,3,2,1,2,0,2,43,600,3,3,0.0029998779296875
662e696f-5982-4f7e-beac-60d63d4c2757,6,2,2,4,3,0,53,768,6,6,0.0037997245788574
94d2756f-1ea0-4e3e-92d5-a53f971c066e,5,3,2,3,1,1,29,31104,5,5,0.0060005187988281
5eefe4ba-719c-4330-bd5d-6bc323f1bd77,7,2,2,5,2,1,106,3456,7,7,0.0070002555847167
4b0e07d9-d968-4ab3-a0d4-64f73a613a66,5,3,0,5,2,1,28,2400,5,5,0.0032001972198486
7ced287d-a994-4750-9214-2cd5d7e7c299,6,2,6,0,0,3,47,43200,6,6,0.0035996437072753
21b253de-3593-4da6-a15c-364bbaf8334d,8,2,6,2,1,2,19,150528,8,8,0.0283998012542724
f63d57aa-7a37-4d6b-8d1f-fc513d86e751,3,1,2,1,0,2,31,384,3,3,0.0010003089904785
b3796d6f-3883-42b3-b408-8d3983daf0b8,5,2,1,4,2,1,111,1536,5,5,0.0022000312805175
d8801f07-feae-46a3-a3c5-6456d2c90a1b,4,1,1,3,0,3,154,432,4,4,0.0014002799987792
b5aa7e8e-f1af-446e-8631-3f5370cb75dd,4,3,4,0,0,2,33,184512,4,4,0.0167998313903808
06223355-8165-4d00-8953-e22d0592f36c,7,1,1,6,1,2,104,110976,7,7,0.0147931575775146
d363368b-353c-426a-91f2-3d56da64c755,7,1,4,3,1,2,72,418176,7,7,0.0432075977325439
e1644380-d4fd-44d2-9c17-58d5924b2d5b,4,2,1,3,2,0,110,1728,4,4,0.0016010284423828
175f6fdc-becb-4987-a310-bb73041af610,6,1,3,3,1,1,276,15552,6,6,0.0092000007629394
291cfb43-22a4-4bd6-9c8d-09bd6021a4cd,4,2,0,4,1,1,119,52272,4,4,0.0062001705169677
c9976920-929e-4f1d-984e-c25a7f9c5f42,6,3,5,1,1,2,33,9408,6,6,0.0076001644134521
5db649ae-6846-4357-9031-2e4ae47709e6,3,2,0,3,1,2,62,1176,3,3,0.0012004375457763
23f1f834-c9f0-4f9a-894c-ea1f5cd46d12,4,1,0,4,1,1,184,46128,4,4,0.0064013004302978
7380ca0a-293a-4cd0-afe6-7c14fe8e852f,5,2,5,0,2,0,97,1536,5,5,0.0011996746063232
01359cb2-c4c1-49cd-aaac-449997aa3af5,5,3,2,3,1,1,8,6144,5,5,0.0041999816894531
01970370-3bcb-4628-9b2c-3b7a859f9a17,4,1,2,2,1,1,211,52272,4,4,0.0066001892089843
70e90d04-a29a-41d3-bba0-8f6b4bcb23f1,7,1,5,2,1,2,200,384,7,7,0.0024001121520996
bcd4d838-d803-4139-b597-f261693ce498,6,3,3,3,1,2,17,192,6,6,0.0029993534088134
173a27be-a69c-4395-84fc-c2f2d8d423c9,4,3,1,3,0,2,34,46128,4,4,0.0092001438140869
ab16ec52-b888-4c7a-8184-d7ff5c0bc7de,4,2,1,3,1,1,25,12288,4,4,0.0056007862091064
992316cf-7cb0-42b5-9691-362a2f0aedb0,5,3,1,4,2,1,10,2400,5,5,0.0037961959838867
2a605df4-4361-420f-a482-bf081b08f62f,7,1,2,5,1,2,153,1536,7,7,0.0031999111175537
19f36972-c45e-400d-b42e-91f88b0afd75,6,3,0,6,0,2,66,4800,6,6,0.0048018455505371
16277f39-892b-4a56-98fa-949ba770169c,6,1,3,3,2,1,199,12288,6,6,0.003600788116455
0293b73d-3e12-4a3d-89e9-9958986314f9,4,3,0,4,1,2,22,192,4,4,0.0020003795623779
f9925961-f4ca-48f2-a281-abdc497b1db7,4,2,0,4,2,0,124,823728,4,4,0.0980006217956543
fc66e511-e32b-477e-902f-9b74786c740f,3,3,0,3,1,2,54,1944,3,3,0.0014001846313476
618d1606-272c-4b1a-90bf-9702ffe0259f,4,2,0,4,0,3,135,432,4,4,0.0021999835968017
70236837-bbf7-4c96-a047-fa8825ee9510,7,1,4,3,1,2,46,384,7,7,0.0084015846252441
f506491b-67b3-4d51-9511-0f986d8811d4,3,2,1,2,2,0,33,600,3,3,0.0013993740081787
ef4602b6-8c47-4e86-bf01-2d2b7391ba15,5,3,5,0,2,1,62,16224,5,5,0.0050012111663818
812ae3fe-4607-4857-b428-789797de6d6b,4,3,2,2,1,1,40,768,4,4,0.0021998882293701
7f555efb-d326-4421-8ed3-8110d493c23c,5,3,5,0,1,1,12,3456,5,5,0.0019999504089355
20a357ca-b84a-4ef6-9d97-603087ee2ce3,5,2,3,2,2,0,44,21600,5,5,0.0118001461029052
aa041069-137c-4b4b-b765-b5b9c6b5937f,2,2,1,1,2,0,141,11532,2,2,0.0035995960235595
cce2dad7-1876-4b17-987a-3c878bb3e4f8,5,2,2,3,1,1,91,6144,5,5,0.00180025100708
ca37a36a-dd5a-45c1-a9ab-73142440dcf3,6,3,0,6,0,3,49,12288,6,6,0.0036001682281494
245aebb6-ce6a-4e72-991f-eb2069ba5880,2,1,1,1,1,1,196,46128,2,2,0.0058003902435302
25c172af-3e3c-4159-ab13-8300948e0ed9,5,3,4,1,0,3,69,345600,5,5,0.0491998672485351
472235f9-0810-4b41-8947-a22296e6d6f9,5,2,0,5,1,1,47,1536,5,5,0.0018002033233642
35cc3a5a-2570-47de-9a85-b95fb98979dd,2,2,1,1,1,1,17,3072,2,2,0.0014008998870849
fda18f6d-5f80-46ba-889e-5e9b28e6d0f3,5,2,5,0,1,2,117,6144,5,5,0.0032011032104492
5b1c428e-0b38-4de2-b3a2-3d895953e8b3,5,3,4,1,1,2,34,1536,5,5,0.0023999691009521
fa0ced3b-e19f-4909-be53-2fde11da827c,6,3,0,6,2,1,72,1728,6,6,0.0038001537322998
bd0f0580-cc9f-4d22-ab1e-9bbc27ec3d62,4,2,3,1,1,1,53,12288,4,4,0.0022002696990966
c6a08250-6b10-4343-8e99-84b22df1509f,7,2,2,5,2,1,56,345600,7,7,0.0361932277679443
e696a1ef-30f1-496b-bfdd-d9796db9079d,4,1,0,4,2,0,290,190512,4,4,0.0244003772735595
8aace2f5-4edb-424a-9633-c59d0f270dd5,6,3,0,6,2,1,44,43200,6,6,0.0049955368041992
3705b1f4-976c-4822-a384-8e99d7114207,7,3,5,2,2,1,69,64896,7,7,0.0105932235717773
b8fd31bd-7b85-4996-bc22-e01c55ffa663,5,2,2,3,2,1,142,1536,5,5,0.0029985427856445
dacd546d-021f-4868-8143-aba3a78c362b,4,2,2,2,1,1,82,9408,4,4,0.0032010555267333
4fc254c5-5b85-442a-a73d-af0f9ac5ac2b,5,1,3,2,0,2,292,6144,5,5,0.0032010078430175
51c056d3-e96d-4d9b-a9d6-5b4062581b32,7,1,0,7,2,1,126,31104,7,7,0.0088001251220703
9b5f69f6-adc0-4526-935a-6b5fc957c000,3,1,1,2,2,0,171,6144,3,3,0.0024001598358154
9dc873f4-034b-43a2-b116-bb78300e72ad,6,3,3,3,2,0,8,196608,6,6,0.0084002017974853
3082f692-acb0-4759-8057-aad5e5e64f14,4,2,0,4,1,1,24,432,4,4,0.00180025100708
9cce5367-b10f-4f27-bfa0-84c9f4b0002a,3,1,0,3,1,1,289,21600,3,3,0.0047990798950195
3ccfbbfd-7d97-448f-98f6-37c46748da66,2,2,2,0,1,1,114,12288,2,2,0.0034000396728515
89b26937-5c47-456f-b830-4e60c1be8a56,7,3,0,7,2,1,39,6144,7,7,0.008600378036499
386e1f45-fe2f-4287-9e5f-1f4466ff4a04,6,1,6,0,1,1,299,12288,6,6,0.0042012214660644
cb390a92-1375-44cd-9f2f-f6cf846dfb60,6,1,2,4,1,2,182,768,6,6,0.0044007778167724
b82b67df-fb66-4e5d-a85d-ee8c82320004,3,1,2,1,1,1,88,5400,3,3,0.002800178527832
0f3b92e5-8949-465c-9575-a46d1ee22cf6,5,2,2,3,1,2,90,13824,5,5,0.0061998844146728
68936362-2b6d-4bf7-9de6-e134a558892d,5,1,0,5,2,1,169,27744,5,5,0.0058003425598144
bf1b930e-1b80-4bff-8ae6-48adcb484298,7,2,3,4,2,1,30,1536,7,7,0.003800630569458
1da748ee-04d3-425c-98be-690a96380333,5,1,5,0,2,0,243,393216,5,5,0.0433935642242431
e6a2fb80-aa1a-44a8-958a-138fbb29d4b3,7,1,7,0,1,2,123,86400,7,7,0.0133997440338134
6ecbd212-befb-493d-b14c-dc4723531de2,5,1,5,0,2,1,288,24576,5,5,0.006001853942871
334040c2-028c-4a92-a2d7-da87f3df7d8f,6,2,3,3,2,1,142,768,6,6,0.0048004150390625
334abeff-2ce3-4a99-8cc8-3847ec98ca48,5,3,0,5,0,2,18,27744,5,5,0.0030004024505615
67ec2bfd-1a29-4fe2-ac26-6cf55cc52ea9,4,3,2,2,0,2,10,12288,4,4,0.0020003318786621
a5819ee0-7d46-4762-bf35-eb4c17a41862,2,3,0,2,2,0,37,47628,2,2,0.004999828338623
d201f204-3294-4d1b-847a-9a206eebd66b,3,1,1,2,1,1,107,4704,3,3,0.0017996311187744
09e76910-41bf-4c46-8ec3-12b436eeb953,5,1,2,3,3,0,246,4704,5,5,0.0044006824493408
2e6a5b09-8f3d-43da-a152-35cf9f5c6508,6,1,3,3,1,2,51,161472,6,6,0.0183998107910156
558e6eea-d263-4516-ba57-2092ee91c79d,5,2,5,0,1,2,134,4704,5,5,0.0040002822875976
eeda6e0b-8197-4d39-af55-fb3639bee78f,5,2,5,0,2,0,122,16224,5,5,0.0038009643554687
90a47254-da78-4ecb-a70e-a36201aab089,7,2,4,3,1,2,36,384,7,7,0.0025999069213867
0ba36bca-d084-405b-b0d6-540fcb435b65,4,3,4,0,2,0,19,10800,4,4,0.0039980411529541
a1b87ed4-399b-440c-9ab5-fb6454f4b50e,7,1,4,3,3,0,171,3456,7,7,0.0020002841949462
16a45b64-328f-400a-bd8c-4d53832da7ce,6,3,4,2,1,2,44,192,6,6,0.0014002323150634
21c4573f-9111-4a65-9ca9-d78317f81d24,5,3,3,2,1,1,60,16224,5,5,0.0028007507324218
2bf7ca13-57b0-4eaa-b849-300e2b4a22f1,4,2,1,3,1,1,110,12288,4,4,0.0062000274658203
f01a3278-a643-464d-803d-2513d5ed37a4,5,1,3,2,0,2,103,1536,5,5,0.0016002178192138
2ca2af55-2e07-482d-b257-3ff510a90c66,4,3,2,2,2,1,23,768,4,4,0.001000165939331
99297f3c-d659-46ea-bb5a-89c5dca66271,4,3,2,2,2,1,51,432,4,4,0.0015999317169189
faea499c-d449-4bd1-879b-c0219c06b263,4,1,0,4,0,2,141,1200,4,4,0.0012003898620605
bd750fb8-48d6-4386-8782-254c647d3d8f,4,2,4,0,1,1,140,768,4,4,0.0011995792388916
b04bbaad-2805-47a3-a9b4-fb36e93a4077,4,1,0,4,1,1,55,2352,4,4,0.002000093460083
e0740300-0f30-4f54-b5a1-529cfae48ee3,5,3,0,5,1,1,59,92256,5,5,0.0180003643035888
fee77778-1c51-4506-b763-b6311f08e731,4,2,2,2,1,2,29,3072,4,4,0.0016008377075195
7d967972-bd75-40f7-8138-739ba8a6184f,8,1,0,8,1,2,115,6912,8,8,0.0044001579284667
e9ec2a67-8402-42f1-ae0c-401570720bc2,5,1,3,2,0,3,262,4704,5,5,0.002800703048706
585ef1ba-25a9-48b8-a552-f7ef968c4873,7,1,6,1,1,2,145,384,7,7,0.0028072834014892
437f6f30-3286-40a1-9c16-2b91cbcc0cac,4,3,0,4,1,1,38,1200,4,4,0.0025990486145019
3f42366d-790d-4fef-b928-8ab2bccdb65e,2,3,2,0,1,1,18,768,2,2,0.0010000705718994
3446f524-7c8f-4dcf-87fa-597f0137ce91,2,3,1,1,0,2,57,10092,2,2,0.0015993118286132
59267e96-115f-4329-9f1c-33ab1f029cac,5,2,3,2,2,1,136,3456,5,5,0.0018001079559326
e37e3a3d-1541-49c7-b8f3-f74dbe2ff512,2,3,0,2,1,1,37,12288,2,2,0.0015999317169189
4c201d2d-ef5e-4dee-a3dc-5cf618f86292,3,2,2,1,1,1,135,23064,3,3,0.003200340270996
bce450df-6310-4a46-aea4-e501e3d14c3a,7,1,4,3,2,1,123,1536,7,7,0.0030004501342773
7b9d465b-db37-4a07-a83a-6ce96cdb9658,5,3,3,2,1,1,9,418176,5,5,0.018399429321289
1d1efcfa-c86a-4bf2-b4b0-4ddca245486e,5,3,1,4,3,0,47,86400,5,5,0.0091932773590087
a7e2b755-e98d-4a84-acf5-2fe046d66e50,4,1,4,0,0,2,52,46128,4,4,0.0095998287200927
1f296aff-aca5-4cfc-b9c4-3245d3204b2e,5,1,0,5,1,1,209,80736,5,5,0.0196001529693603
c9f82e33-bc22-41d9-a375-8871a71f7c45,4,1,0,4,2,0,292,432,4,4,0.0023998260498046
1f640f6f-03d9-49d4-9866-2c1680c7254a,4,2,0,4,2,0,129,10800,4,4,0.0028004646301269
cf74b765-a80a-45d0-9bf6-9392c36ea74c,5,2,4,1,1,2,106,384,5,5,0.0014002323150634
de6bc1d8-dfd5-4686-944a-cdc20c08cd70,5,2,2,3,1,2,107,2400,5,5,0.0020001888275146
36c3211c-ae8e-4301-a242-0d5431433bf8,4,1,0,4,0,3,166,4800,4,4,0.0032000064849853
02be323e-21a9-4eb8-85c3-ffe1878ec3ed,2,3,0,2,1,1,31,12288,2,2,0.0022005081176757
7f3021c5-1b1a-4b04-9f2c-4b702a937c57,6,1,3,3,1,2,142,15552,6,6,0.0044000148773193
77bcccde-86b4-4c2a-81d5-ac9a8f8b5e82,5,3,3,2,3,0,23,7776,5,5,0.00180025100708
5efee9ce-6ff0-48fe-9db4-7b1caa852ade,5,1,0,5,1,1,177,21600,5,5,0.0064310550689697
7dba9cdf-25dd-4366-9500-8fb225f12ef1,5,3,2,3,2,0,34,21600,5,5,0.0050004482269287
8e32619f-8fb7-4f9b-8c01-82b414bdf1b6,4,3,2,2,1,1,58,768,4,4,0.0013998508453369
1755ebce-3efd-43c0-b880-b73825257747,7,1,4,3,1,2,80,1204224,7,7,0.078795051574707
eb9ba738-9ec3-4f27-b5b2-fb387f6e193d,7,3,4,3,1,2,29,9600,7,7,0.0087933540344238
855422fd-7780-4f5b-8ad3-32c485acdcbb,2,1,0,2,1,1,139,10092,2,2,0.0020003795623779
39df72e2-6b9a-4118-bdd8-109c8b939612,5,3,2,3,3,0,44,1536,5,5,0.0049999237060546
0f46f3b9-fb5b-43c0-874c-53ad4c8015f0,4,2,1,3,0,2,102,49152,4,4,0.0066002368927001
c6497442-13b4-4378-9cee-1a339cf4be03,4,3,2,2,0,2,28,12288,4,4,0.0021998405456542
685b937f-cbe6-4981-a597-39afabe8c360,5,2,3,2,1,1,78,6144,5,5,0.0019996166229248
d34065fe-0ea7-420a-9523-e00539680759,5,1,3,2,0,3,187,6144,5,5,0.0026008605957031
c840bb9f-a631-4d56-9f6d-e8d874cb503c,4,2,1,3,2,1,20,3072,4,4,0.0036005496978759
0533a4ec-ec7f-4809-a278-a1bb773622b8,5,1,5,0,2,1,64,3456,5,5,0.0027996063232421
bf5c766d-659d-4b2e-bbec-2d199d802df5,5,2,2,3,2,0,22,104544,5,5,0.0080005645751953
5ab12296-66d2-4e96-9729-21f0ea9c575b,8,1,2,6,2,1,287,6912,8,8,0.0064014911651611
1ab6c4e4-ef64-4249-987d-6576f1d5cedf,2,2,1,1,0,2,96,12288,2,2,0.0022000312805175
017f2811-1ffd-42e0-a6d4-1612bde1dbd7,6,3,2,4,3,0,49,3072,6,6,0.0054005146026611
7a22602c-ee6b-4641-a63b-5b883e4635ba,6,3,2,4,0,3,58,4800,6,6,0.004199743270874
18a62d2a-af8f-474a-9049-0ee92ec636fe,3,1,1,2,1,1,34,4704,3,3,0.0012002944946289
96fbad83-8d45-4be2-a068-b1476a5281f2,6,1,3,3,2,0,101,37632,6,6,0.0109995365142822
e53dcf78-7e9f-4e7f-8823-45555d3a9a77,6,1,0,6,2,0,147,196608,6,6,0.0344005584716796
5951bfd2-4362-4f2c-b219-8d0355883898,7,2,1,6,0,3,49,3456,7,7,0.0029924392700195
7641dfef-dde8-4aea-b212-6fb98ef481a3,2,1,1,1,1,1,149,49152,2,2,0.0034002780914306
b56b8fe0-916d-4bf8-aa05-e766c4055fc9,6,2,1,5,3,0,135,32448,6,6,0.0064008712768554
9f7254e1-49c4-44ed-8974-0dd93117d3a6,4,3,0,4,2,0,73,3072,4,4,0.0030006885528564
f9ab0050-b9f4-4c4e-9b70-5dee6df1fb37,2,3,1,1,0,2,15,50700,2,2,0.0022003173828125
267a77cb-828f-4a1c-a4c2-ee9f2ba14db6,3,2,2,1,1,1,74,5400,3,3,0.0017998218536376
55a5cbd4-5ebd-4123-a3c0-71436acc3984,4,1,1,3,2,1,234,10800,4,4,0.0022000312805175
d8a805cb-b68c-4844-b872-53c7327966fb,7,2,7,0,1,2,136,3456,7,7,0.0022001266479492
3033483d-0649-4302-aff7-be548063948d,5,1,5,0,0,2,251,7776,5,5,0.0060000419616699
062c5bdc-ec2b-4606-9cb0-0919819885b6,2,3,1,1,1,1,25,47628,2,2,0.0043996810913085
9431525e-1165-4232-9bf0-ca29a7997ac0,4,2,2,2,1,1,46,43200,4,4,0.0068006038665771
b41b7a92-7116-46c0-b324-51bec28e4070,4,1,0,4,1,1,111,209088,4,4,0.0144002437591552
c1391f23-c640-45e9-a123-d1cf99285aaf,4,3,0,4,2,0,62,10800,4,4,0.0035999298095703
1137273d-2ad5-45d7-b7f5-442dc67a2291,7,2,4,3,0,3,20,86400,7,7,0.0252070903778076
b31a9f6a-d0f8-42a6-8e33-a134f2bff533,2,1,0,2,0,2,82,10800,2,2,0.0011999607086181
01461fce-3720-4b51-ba09-2f2076afcf1a,3,3,1,2,1,1,8,600,3,3,0.0007998943328857
9c6d7da1-b6e4-48ce-8d95-f8c2bf9f93df,2,3,1,1,0,2,44,196608,2,2,0.0147941589355468
656492dd-87a8-4053-8d34-863d11af38f4,6,1,4,2,1,2,89,1728,6,6,0.001593542098999
4ff759e3-5826-4603-8410-b6978d74e8f5,7,3,7,0,1,2,32,1536,7,7,0.0014004230499267
def44cda-ca1f-4c2a-8413-681a2aed7b82,5,1,0,5,1,1,128,4704,5,5,0.002199363708496
d554aa8d-da1c-413c-9d22-695bbc53af25,5,1,5,0,1,1,268,21600,5,5,0.0049997329711914
be564ed8-1154-4b58-942f-04f840bf2fc2,5,3,5,0,0,3,49,384,5,5,0.0018003940582275
b1d50c7c-55b4-4b59-a49a-2498a92eff1d,4,2,0,4,2,1,23,192,4,4,0.0018003940582275
aac9d167-d242-496a-82da-9b7ce1f225e9,6,1,6,0,1,1,201,192,6,6,0.0020002365112304
434d4fcb-38a8-4671-a547-c892b5147531,4,1,2,2,2,0,235,768,4,4,0.0016005039215087
53ae2a88-68ba-4b76-91b5-544ab7f08635,7,3,2,5,1,2,28,3456,7,7,0.0023999214172363
046e234e-826b-454c-a9a7-268ad7de55a6,5,2,0,5,1,1,142,322944,5,5,0.035795783996582
c1aa0a16-e202-41f3-9fa5-05497dfc1213,5,1,2,3,1,2,167,1536,5,5,0.002599811553955
bc4a8b37-2ccc-400f-997e-7ecf11200e68,5,2,3,2,0,2,108,311904,5,5,0.0410001754760742
60de90eb-3515-47b4-8939-5e955c226d19,5,3,3,2,1,2,44,864,5,5,0.0019937992095947
74036472-4976-4676-a79c-3ddc1d85bab6,2,1,1,1,1,1,215,41772,2,2,0.004200792312622
a078ab99-6b16-4993-9007-87f7dadf95a3,9,3,3,6,2,1,26,55296,9,9,0.0171931743621826
5947451b-d1b5-4f6e-9e12-b75fc5c199b5,6,3,4,2,2,1,45,192,6,6,0.0028006553649902
f0efa342-b503-4351-85e6-0c534b21edf4,3,1,2,1,2,0,171,369024,3,3,0.0258008480072021
e8c6a225-d185-4d80-96fd-f91c07a21114,6,3,3,3,1,2,64,12288,6,6,0.0038031578063964
6bdde54f-3141-417b-8a75-48f0d6bdb3ab,6,1,4,2,2,1,77,27648,6,6,0.0050002098083496
4f31ddd2-336b-4118-a657-d19592f992d0,4,3,1,3,2,1,44,4800,4,4,0.0021996974945068
4dacee16-3ce0-40b2-ac38-79635a098dbf,4,1,3,1,0,2,59,49152,4,4,0.0060001850128173
d830a0b7-fb08-4b4e-b224-6ee9195dbd81,4,3,3,1,1,1,26,10800,4,4,0.0042009830474853
c3acdaf4-3c38-4889-86ee-f4ec31431a0e,6,3,3,3,0,3,69,3072,6,6,0.0043996810913085
391a9018-6b72-403d-8e52-328a4c22035d,7,3,7,0,0,3,23,13824,7,7,0.0038004398345947
7850a288-c438-4292-99b9-390d3e12f0ce,5,3,2,3,0,3,38,24576,5,5,0.0038003921508789
493e1484-574a-4949-8e63-030f1e5b5ce5,4,1,0,4,1,1,126,768,4,4,0.0024001121520996
cda34403-fe2a-43b5-b7a9-04efd330646b,6,1,0,6,1,2,265,768,6,6,0.0022002220153808
cf5c74da-492b-46c6-bcd8-dd9f813d622a,5,1,2,3,1,1,120,18816,5,5,0.0024010181427001
a2ee7bbb-9d2b-4bfa-bd4d-362f10451575,3,1,1,2,1,1,144,20184,3,3,0.0024077415466308
5b8b265c-abe0-44ec-a858-f1b7f86c1144,5,1,2,3,2,1,261,3456,5,5,0.0036001682281494
cb27547e-cb36-43ca-84ae-d1196b6005a4,7,1,5,2,1,2,45,31104,7,7,0.0048003673553466
f2bce5a0-11d3-4af5-b92f-a50b251ca45c,6,3,2,4,0,3,49,55488,6,6,0.0215999603271484
30651067-8ade-40c1-98d6-70def1358432,4,2,1,3,2,1,120,12288,4,4,0.0026002407073974
4f9390f0-acb4-498e-aa64-e6140986bb70,3,3,3,0,0,2,58,5400,3,3,0.0011999130249023
ef8cc994-d763-4f1d-ad59-9cf66b8566e5,7,3,0,7,2,1,61,110976,7,7,0.0157237529754638
b776befc-93c6-462d-bd60-abd030cd1867,4,1,3,1,1,1,83,10800,4,4,0.0027965545654296
7068bd85-9771-4a6e-9fa5-a1886271c55f,2,3,2,0,2,0,55,3072,2,2,0.0015996932983398
d778fc58-9609-46c6-8682-6e7e07b83567,6,2,5,1,3,0,51,768,6,6,0.0023996829986572
c54aa815-86c8-4bcb-98b9-ba6642319f6d,6,2,5,1,2,1,36,768,6,6,0.0018001079559326
c135f28e-3f61-4e3d-9b7f-d68bd167d5a1,6,2,2,4,3,0,67,161472,6,6,0.0126065731048583
5eda0481-09a3-4aa0-978c-35a07e1f6de9,7,3,3,4,2,1,45,64896,7,7,0.0090060710906982
050d8278-cfc2-483d-bea2-c944a90e5e8e,3,1,1,2,1,1,235,6144,3,3,0.002000617980957
919b8a63-08d4-44d5-b89b-75e8d43d2ba3,7,3,1,6,2,1,7,9600,7,7,0.0022001266479492
96a8ea01-7861-496d-8aa6-a930dc5d397b,6,1,3,3,1,1,193,49152,6,6,0.0103998661041259
922841e6-5105-472d-8cd4-9f46a0ea0d42,5,2,1,4,1,2,150,384,5,5,0.0022001266479492
9bedbf94-6940-4a2d-ad50-0b953930e384,4,1,0,4,0,3,194,1728,4,4,0.0024078845977783
0f70a168-2174-44b9-ab63-a0c8ea06fea2,6,2,6,0,1,1,138,1728,6,6,0.0018060207366943
b6370820-bab1-42d0-8669-3acbbc850116,4,3,2,2,1,2,50,10800,4,4,0.0026005744934082
6296a73c-4726-4323-8d01-aebe291e504e,5,3,1,4,1,2,58,7776,5,5,0.002599811553955
65e2b0a6-148f-45ec-9c7a-57315aa1e1dc,4,3,4,0,2,1,20,9408,4,4,0.0015995502471923
cae3467a-e04c-4125-9a8a-ff1d09e59175,6,3,2,4,0,3,17,55488,6,6,0.0188000679016113
ccc306f2-85e1-4f65-a6e4-6988fe6f9d26,3,2,1,2,0,2,81,23064,3,3,0.0042010307312011
d51f4db1-9993-4c4b-b3d3-6979baa6fb1c,5,3,0,5,1,2,20,864,5,5,0.0044004917144775
7fe9a0de-bc34-41e9-aa17-154228af597d,4,3,3,1,1,1,72,1728,4,4,0.0030004501342773
f261fcea-b48b-4a3d-9604-0c7c1c69f84f,4,1,3,1,1,2,137,190512,4,4,0.0261996746063232
b3807db9-84c8-4423-8081-cfdfd251f9a0,3,3,1,2,2,0,34,98304,3,3,0.0061939239501953
7a5c7185-300d-4d0e-803d-b64b079f623d,5,1,5,0,1,1,272,104544,5,5,0.0235927104949951
d4d04f4b-93bd-41bb-9e88-43da1b1477f3,6,3,3,3,0,2,60,49152,6,6,0.0097934246063232
2ccf6145-a0d4-451c-98d1-3e028e6b53cf,4,1,2,2,1,2,67,49152,4,4,0.0077995300292968
f88b0408-de2a-4de5-a672-cd9fa7614542,6,2,1,5,2,1,76,6912,6,6,0.0028000831604003
2ca879d8-e2cf-4f0d-a522-845a493cf60a,4,1,0,4,2,0,280,10800,4,4,0.0067996978759765
6900aee3-bb58-4528-8864-342f3d50f72d,4,3,2,2,1,1,33,768,4,4,0.0020012855529785
9a1c9e95-ab15-456b-bc5a-0f1ef5153934,6,2,3,3,1,1,106,1728,6,6,0.0018005847930908
ac7c692d-211e-4647-bb07-1a16afe8fe0c,4,1,1,3,1,2,202,167088,4,4,0.0171756744384765
ddf3142e-dfa5-495c-a9da-649ca2d86cb8,3,2,0,3,1,1,141,1944,3,3,0.0017995834350585
c032794b-9001-44d7-9ef7-f5ad0fb040c4,5,3,3,2,0,2,19,4704,5,5,0.002794599533081
0daba4cf-88b4-4f9d-9c68-03c06d0873f9,8,1,8,0,2,1,80,150528,8,8,0.028199291229248
9f9ec9a2-bc6e-4812-b655-96c800b740d5,4,1,0,4,1,1,260,3072,4,4,0.0025999546051025
f17e6bc7-812a-4743-8c6b-d0ec224ec92b,2,3,0,2,1,1,41,13068,2,2,0.0017999649047851
cdfdada3-878b-4434-ac0c-0ee6582883f4,7,2,7,0,2,1,115,1536,7,7,0.0022007465362548
f4bbd8da-27fe-4323-bee0-58f105112481,4,2,4,0,0,2,112,10800,4,4,0.0026003360748291
f0233953-df7b-469e-af5b-51c7119b0450,3,3,2,1,0,2,51,23064,3,3,0.0028000354766845
b27de215-10db-456c-9043-cac5830078c9,5,2,3,2,2,0,39,16224,5,5,0.002393627166748
30418144-95cc-4bad-9ed6-ac3bce820575,6,1,3,3,1,1,247,768,6,6,0.0021923065185546
72f52965-48e6-4b1f-92ed-219170fa6ee7,3,1,0,3,2,0,281,92256,3,3,0.0118003368377685
b048581a-6bae-4260-9af2-c6cb8f5f35a7,7,2,0,7,2,1,119,384,7,7,0.0023935317993164
0a1ee99d-9368-4414-a21c-d4139800e313,2,3,0,2,1,1,45,2700,2,2,0.0020002365112304
7e4dfa03-36ea-46e4-bb71-d2bee5e7235b,4,2,4,0,1,1,132,3888,4,4,0.0013999462127685
a3da79fa-d7f2-45d8-9ac7-d57811f8a1a7,3,2,1,2,1,1,147,4704,3,3,0.0023999691009521
5fdec37a-63ed-403f-be5f-ec6df43001f4,5,2,3,2,1,1,90,1536,5,5,0.0018000602722167
d83230bb-f947-4129-b598-137e346b9263,3,2,0,3,1,2,107,1536,3,3,0.0020002365112304
e186b45b-1af9-480d-900d-1d425366dc55,6,1,1,5,2,1,65,6912,6,6,0.0042000293731689
4d8b8050-23a4-461b-b6a1-d6bee9bc14a1,5,2,3,2,2,0,96,98304,5,5,0.0182001113891601
836d37c4-f0a0-47df-a41c-d5cdf70f00a8,3,3,1,2,0,2,29,95256,3,3,0.0112000465393066
4053a355-ef7d-455e-95fe-41550e42756a,4,1,0,4,1,1,250,40368,4,4,0.0088002681732177
cd382d03-4dd1-4488-b791-33d1f0873007,8,3,5,3,0,3,71,3072,8,8,0.0115994453430175
a673332f-35b9-488c-a1e7-0bda33e1d737,8,1,5,3,2,1,75,12288,8,8,0.0428000926971435
d0d59283-a7db-4e76-941f-21919ddf4d87,4,2,3,1,0,3,50,12288,4,4,0.0045934200286865
b8fb60ad-38fc-4129-9ed0-1d32a089dd71,5,1,3,2,2,0,282,104544,5,5,0.0182001590728759
22d3d5ec-25b2-494d-a80c-6be454d12c70,5,2,2,3,2,1,61,1536,5,5,0.0029996871948242
3d87dda1-6e5f-4f5f-9ec6-09c5b16eb7fb,6,2,6,0,1,2,124,192,6,6,0.0012001991271972
f1c9b0ae-841b-421d-ad5d-4b5a2210d1b6,3,1,0,3,0,2,43,24576,3,3,0.0030005931854248
78d69dc7-fe3c-4777-9abe-488a8026e865,5,3,0,5,1,1,9,16224,5,5,0.0033998489379882
7ace1dc2-3a71-4bf9-b4c0-5330ba8c99aa,4,1,4,0,1,1,50,43200,4,4,0.0040012836456298
c0ce6deb-63ed-4e35-8c07-b126fd22e5cd,5,2,5,0,2,0,52,24576,5,5,0.0048003196716308
c5cef28a-a5e5-40a0-a6f5-cd045c5cd86f,5,2,3,2,0,2,106,3456,5,5,0.0032001972198486
3955bd4f-711e-4c2a-9755-c431d3ab3e9e,4,2,4,0,0,2,84,40368,4,4,0.0048008441925048
2dc9ab8d-f3c0-4776-9a1a-2fc52c73da10,6,2,3,3,0,2,60,4800,6,6,0.0024008750915527
c080bdbf-43c1-44b1-8a87-b3387fab376a,4,3,2,2,1,1,65,46128,4,4,0.0067998886108398
78551abf-a1ed-4d49-beed-4411ae4af008,4,3,1,3,2,0,16,32448,4,4,0.0023996829986572
2b027791-8e02-43da-a787-1fa04ebf250a,7,2,7,0,1,2,136,6144,7,7,0.0042068004608154
df480b58-c9dc-4a0b-af2f-4be1cfb23878,5,3,3,2,1,1,55,104544,5,5,0.0099935054779052
27966b8a-c760-48d5-a72c-03fef2725f2d,2,1,1,1,0,2,231,41772,2,2,0.0041934013366699
e0e30a37-807b-45c3-855a-e0a234577422,7,2,5,2,1,2,126,13824,7,7,0.0092000007629394
d6ef95af-5e98-4d04-b1f3-5a7c5fd20d5e,5,1,2,3,0,2,83,92256,5,5,0.0154008388519287
775d6619-0a15-482b-8ab4-f4cb05751a8f,5,1,3,2,2,1,257,80736,5,5,0.0121936321258544
855ea724-68be-4742-834e-9089eb4cf14d,6,2,5,1,1,2,86,9408,6,6,0.00319504737854
76f78181-bcad-4558-a664-d3e4d0bef090,5,3,5,0,1,1,55,98304,5,5,0.0161938190460205
2255769f-6169-4753-a932-ee2974cdbe30,7,2,7,0,1,2,15,13824,7,7,0.0050009250640869
bf0df140-650a-4ca2-86d7-d1f4cedc6912,3,3,1,2,0,2,28,24576,3,3,0.0049933433532714
c3c9db42-f3d0-4df4-88f4-a0085b95ab7e,6,2,3,3,1,1,61,184512,6,6,0.0237931251525878
26c126cd-01ff-4e7b-b094-2ba34cfd8b98,5,3,5,0,1,1,74,9600,5,5,0.0020004749298095
938dd588-343b-47eb-a117-ba42024ceb7c,2,2,2,0,2,0,62,3072,2,2,0.001000165939331
8bb2e4d4-c5bd-475c-a17d-f9c6a7d93027,4,2,4,0,0,3,37,190512,4,4,0.0100007534027099
e7ad2ade-6c5e-4af7-9132-9579173cba86,5,2,5,0,1,1,91,2400,5,5,0.0032001018524169
2f8b39f7-f550-41ff-9ae6-13373d38c1b4,6,1,3,3,1,2,164,1728,6,6,0.0029999732971191
6f2a24f8-c542-4f8e-9dac-faf617510d07,6,3,0,6,2,0,11,172800,6,6,0.0182066917419433
8e87dbb1-edb3-4ddd-8af9-07249f513917,3,2,2,1,0,3,17,18816,3,3,0.0030000686645507
d4f17361-460b-467a-a21e-65b13189eb39,6,1,5,1,3,0,170,9408,6,6,0.0036002159118652
8918ef69-093c-4975-8289-316dc0efc534,5,2,0,5,2,0,127,2400,5,5,0.0038001060485839
f4f096ed-f515-4483-aea1-c9f65de875c9,5,1,2,3,0,3,61,96,5,5,0.0019997596740722
4b495be4-b86c-4882-9b29-0470f8cc8b0e,4,2,2,2,2,0,138,48,4,4,0.0016007900238037
cdc00469-e243-4e93-84e7-5927f16da7e3,4,2,0,4,0,2,73,40368,4,4,0.0048001766204833
6c9d0b88-fa7b-4444-9eba-4479c343caa5,4,3,0,4,2,0,10,3072,4,4,0.0011929988861083
ed54b9ad-c204-4496-8710-21d09b3ef98f,8,3,5,3,1,2,57,6912,8,8,0.0074068069458007
8d094ce5-ba85-4f4e-a8ba-cc9450197a6d,2,2,0,2,0,2,141,196608,2,2,0.0217927932739257
8a4f5b3e-1869-470f-bb50-ce5e8fff02ef,5,2,2,3,2,0,26,864,5,5,0.0013925552368164
215eb198-f3fb-49a5-b9f5-5acbede52769,6,3,2,4,2,1,64,62208,6,6,0.0129998683929443
ad37af0a-35b9-4ad5-8551-3d87f965b508,5,1,4,1,1,2,52,1536,5,5,0.0022004127502441
ccfb6155-7d7b-410d-8f04-3134d177625f,6,1,6,0,1,1,234,9408,6,6,0.004399824142456
f0e7a0c1-6801-46ff-bec2-358aab5eb7e2,2,1,1,1,1,1,114,12288,2,2,0.0015993595123291
7f6f3bd2-9138-4b13-8e4d-9e657973eb8a,7,1,2,5,1,2,293,13824,7,7,0.0062002658843994
8fe4b1a7-8392-4102-8a9e-e8d67bf64220,4,3,0,4,2,1,74,192,4,4,0.0026004314422607
f75b910a-3afa-4259-9e63-fb133f643767,7,1,2,5,2,1,95,55296,7,7,0.007399845123291
27c187c4-abe5-4f65-988e-325901fe957c,4,1,0,4,1,2,269,10800,4,4,0.0176004886627197
6afb897b-f550-4328-9c39-a0acb41b1209,6,1,3,3,2,1,257,1728,6,6,0.0054002285003662
97e9d170-56cd-44ca-a069-abd316ef3ecd,2,2,2,0,0,2,75,12288,2,2,0.0028007984161376
9e80138b-36ef-4168-8db2-22f7e73ec585,6,1,3,3,0,2,119,3072,6,6,0.0030001163482666
f6423ba4-3d50-44d6-a9ee-0c9f934799dc,2,1,1,1,1,1,119,49152,2,2,0.0050003051757812
cb95b198-3cfc-4060-a7ca-4609a718a6dd,4,1,3,1,0,2,182,10800,4,4,0.004800271987915
4e57bd24-1b32-4a17-bb0c-62814b7768d7,5,3,3,2,1,1,13,27744,5,5,0.0067994117736816
d4d09e3e-92c5-4f78-80f5-792979bdbc5d,5,1,5,0,2,1,278,864,5,5,0.0032001495361328
d84dfe80-95ec-4da1-8889-f69a9e4956a6,3,3,3,0,0,2,42,95256,3,3,0.008800983428955
79ca2748-f795-4c50-af7a-cb030ae69238,5,2,5,0,2,1,144,864,5,5,0.003599739074707
da7185d7-6530-4951-a65c-0bd5e34a9049,5,3,5,0,1,1,65,4704,5,5,0.0042001724243164
d58aee01-c9a5-4cb5-ba7c-23d823291c93,6,3,3,3,2,0,27,27648,6,6,0.0055998802185058
f41eb804-56d1-459f-aeb3-1adb40d37be0,7,1,3,4,3,0,98,384,7,7,0.0041999816894531
df72ff2c-40c7-4057-ba3c-f5ad25fa9aab,4,2,1,3,1,1,38,1728,4,4,0.0023999214172363
164ff7d3-4eb7-4758-8273-33a761d03e24,3,3,0,3,1,1,17,5400,3,3,0.0030088424682617
3c1ee8d7-0f86-48cc-bd8e-aba986c07a40,4,1,2,2,2,1,229,196608,4,4,0.0268003463745117
cc6c8170-6283-4fd9-ba5e-4341d5d3d437,6,2,4,2,2,1,105,55488,6,6,0.0090003967285156
a1e240e8-486c-4fe6-ad10-77249e838c21,3,2,3,0,1,1,130,24576,3,3,0.0044005393981933
eead4cc7-d4b0-4484-82fa-390cb056a772,4,1,3,1,1,1,194,10800,4,4,0.005800724029541
046d4d3b-d494-4b3b-9770-e3a6c99544de,5,3,4,1,1,2,53,16224,5,5,0.0046002388000488
38e2f71a-fd10-469f-a585-363f8fdc7dc7,5,2,5,0,1,1,130,31104,5,5,0.0084003448486328
3da56278-4d23-41c6-a799-63c2cdd890a0,5,2,2,3,0,2,142,384,5,5,0.0032001018524169
8356d312-06c6-45e9-a296-85bd96ef1c21,3,2,1,2,1,2,17,101400,3,3,0.0060000419616699
aef6dfb2-dc34-432f-aa68-9fecf3b16543,4,3,3,1,1,1,30,3888,4,4,0.0030000209808349
acd2c9f1-dae3-400c-a67c-566715f52ceb,5,1,0,5,2,0,249,6144,5,5,0.0022008895874023
9cd8755a-6716-4063-806e-5b609351b8ac,4,1,2,2,1,1,163,3888,4,4,0.001600170135498
6b0c5cf9-278c-42e0-9af1-125e647dcfc2,6,1,6,0,2,0,264,3072,6,6,0.0021999835968017
1640b9c6-6a97-46d8-9e48-e17dbdb75309,8,3,6,2,1,2,11,12288,8,8,0.0232015132904052
b88301a4-0761-458a-bfb0-2330faf2784c,5,2,5,0,1,1,35,21600,5,5,0.0032001495361328
c2fed378-0aba-47b4-8022-201939915741,4,2,2,2,0,2,28,768,4,4,0.0031993389129638
ac8042f6-22ca-46c8-a4cd-cb652668e733,2,3,2,0,2,0,47,11532,2,2,0.003600263595581
0b91ac91-c0b7-4aca-aae5-e076c279cc63,5,3,0,5,1,1,59,4704,5,5,0.0059999942779541
21610a94-275f-4bdf-86c3-842a53523c07,8,1,3,5,0,3,179,768,8,8,0.0116000652313232
6879167d-2e3e-4066-a470-f2ffae0fa2aa,2,2,2,0,1,1,120,2700,2,2,0.0020003795623779
e386a8c6-da6c-423f-a08a-86d9c6ca28ea,5,3,2,3,1,1,59,1536,5,5,0.0025997161865234
b1f4570d-3c5a-408b-94b7-3ea1b259c400,7,1,7,0,2,1,238,18816,7,7,0.010200023651123
4fff5e90-c309-45dd-93da-fdc6436501d4,5,3,0,5,2,1,55,92256,5,5,0.0130001068115234
002e8b40-048c-4d37-9c0a-9b6e0d6c9712,7,1,3,4,0,3,201,1536,7,7,0.0058071136474609
9ad13563-fcd7-4106-bda9-331dd8f1b5dd,4,1,4,0,1,1,228,2352,4,4,0.0018000125885009
0b1deed2-c3f0-4ed6-94d2-fb417df904ec,5,2,0,5,1,1,16,92256,5,5,0.0048005104064941
5992d7d0-62ed-4fcc-a410-d7664ac049ae,5,1,4,1,3,0,115,384,5,5,0.0012027740478515
c07c5211-2c42-490d-9a9f-84eae1a292b4,3,2,1,2,0,2,87,1536,3,3,0.0010000705718994
6c04ce73-db9c-4715-bf9f-086dc81c1802,6,1,3,3,2,1,248,12288,6,6,0.009200382232666
c001bc7f-d29b-43be-8694-d63772cd0602,5,2,3,2,2,1,143,24576,5,5,0.0042001724243164
1eaecf59-12dc-49e1-8659-6beb9b45e8f5,6,1,6,0,1,1,263,37632,6,6,0.0100002288818359
a9771283-2c66-4cd1-9eab-83d12d625e96,2,2,2,0,1,1,98,3072,2,2,0.0008002758026123
b52e416a-c15c-4986-967d-6b2dc3621fdb,4,2,1,3,3,0,122,40368,4,4,0.0057998180389404
1b523e0f-575d-4c5d-bb07-ebd4aa88118d,5,3,3,2,2,0,61,864,5,5,0.0012001514434814
12c52d78-8e99-4130-a8ed-0236a2b77751,5,3,3,2,1,2,36,24576,5,5,0.0078010082244873
b616c94a-b69c-4db9-8d8e-7349159473d6,4,3,1,3,1,1,32,3072,4,4,0.0032001495361328
aab493e5-a739-4e10-a4a8-f81b57afd5d8,7,2,1,6,0,3,66,384,7,7,0.0025997161865234
4d68a1ad-055c-4762-8d50-6c6aaee711d7,4,1,4,0,1,1,244,46128,4,4,0.0066003322601318
fcba6d4a-edd9-4371-87ec-ab95f014da2c,7,3,3,4,2,1,46,75264,7,7,0.0115934371948242
a97c91ba-eebc-46f9-a2e8-6c81a68f59a9,6,2,5,1,1,2,102,15552,6,6,0.0056015491485595
605a820a-0c1c-4f74-a914-c243bda41131,6,1,3,3,2,1,195,1728,6,6,0.0014002323150634
ddcb81d7-3d83-405d-9617-5224b09b5728,5,1,4,1,2,1,106,4704,5,5,0.0013997077941894
69d54feb-b05b-4028-aafe-b2c517d2f3c7,5,1,3,2,1,1,74,6144,5,5,0.0012003421783447
899f00f3-5828-4ec5-94c7-cc9ffd4e320a,6,2,0,6,0,3,99,9408,6,6,0.0091923236846923
fba2a1b4-ad45-44d4-9216-66f287ed767b,8,3,5,3,2,1,12,768,8,8,0.0082003593444824
5f5f988b-87dd-43ca-9b71-29868ac14e52,3,1,0,3,1,2,130,92256,3,3,0.0066000938415527
46e7a1ca-256b-441c-bc13-f2cf900ee8c9,6,2,6,0,1,1,95,161472,6,6,0.0181929111480712
3fa00e48-9aa3-46cf-817b-ed1f71fc7492,7,3,3,4,2,1,24,18816,7,7,0.0056019306182861
f3423677-31a1-4b4b-ab42-5027dcf91f7c,2,3,0,2,1,1,34,10092,2,2,0.0020005702972412
bdc96433-d41c-4cce-a287-880c90b0d611,4,2,4,0,1,2,31,432,4,4,0.002199363708496
c7943ae1-7f83-4200-b433-a92df8880509,4,3,0,4,1,1,32,10800,4,4,0.0041994094848632
bc73e18d-10fd-42c1-a46d-e44e424eb774,5,3,2,3,1,1,42,18816,5,5,0.005200719833374
238cb0b7-4938-498b-a712-8284f4e54f7a,3,1,3,0,1,1,234,24576,3,3,0.0096628189086914
8498fb2f-be47-417f-8d1c-3fda9fd1ff6d,7,1,7,0,2,1,166,3456,7,7,0.0091993331909179
5049ba97-b036-4976-8295-22f91a4a571f,8,1,0,8,0,3,57,12288,8,8,0.0181998252868652
493f188e-40e8-4e83-b059-c2b96105e74a,4,3,1,3,1,1,11,46128,4,4,0.0097253322601318
d3312709-da92-41aa-bd62-18278ea53096,4,1,0,4,1,2,146,43200,4,4,0.0075995445251464
c2f6b231-d419-483a-8839-131a2f30e84f,4,1,2,2,0,2,224,46128,4,4,0.0063954353332519
3d318dd5-0b87-493b-991a-0732710806cd,4,3,0,4,1,1,67,202800,4,4,0.0264414310455322
c33ed066-2178-4c22-84b4-04820cf56482,5,2,5,0,1,1,146,4704,5,5,0.0074005126953125
85a85d76-9835-43f2-8861-c539809dd328,6,3,2,4,1,2,12,32448,6,6,0.0054003238677978
601b7e0c-5a43-4da7-b7e0-94b6735269b9,8,1,5,3,1,2,297,768,8,8,0.0072575092315673
a35f7c9a-527b-4a53-9414-10818a771eb3,9,2,3,6,1,2,85,38400,9,9,0.0348389625549316
599ce187-d3c6-4425-8243-41fb5397d385,5,3,2,3,0,3,16,384,5,5,0.0015999317169189
4d1bcfc0-5fdc-4006-9a38-99c6bbbe1739,5,1,2,3,1,2,78,64896,5,5,0.006400442123413
8609ba31-84db-4fbf-8010-918108845d6e,6,1,3,3,3,0,60,3072,6,6,0.0038005352020263
1313028a-b3b8-4414-a2b7-939db6d54bbc,4,1,4,0,3,0,131,8112,4,4,0.0025993347167968
f7b609b3-a239-4bb8-b01e-42fcf193a4dd,7,1,2,5,2,1,104,38400,7,7,0.0096002101898193
1051875b-e1fe-4c06-8bd4-649aeaa67c35,3,2,0,3,1,1,25,89304,3,3,0.0036004066467285
4885606b-88cb-44f4-bf0f-46dd47472be8,6,3,3,3,1,1,67,15552,6,6,0.006401252746582
6e49cccc-f875-49dc-a589-b95156406379,6,2,2,4,1,2,106,3072,6,6,0.0050002574920654
ee873eba-bfee-44a0-9a8a-0a02b7492170,5,2,2,3,0,2,77,1536,5,5,0.0085994243621826
dab16e61-425f-4465-aee6-a79e2288772a,4,1,2,2,2,0,44,12288,4,4,0.0038002967834472
c217ceb5-5d46-41cb-bb31-9fbdcb06a1c9,5,2,0,5,3,0,26,98304,5,5,0.0136000156402587
03b9de66-4a6a-44d3-aa2f-648a87b6e583,3,3,2,1,1,1,32,864,3,3,0.0025998592376708
f330a090-17da-4edf-b5de-24e706e3f513,4,2,0,4,1,1,89,202800,4,4,0.028799819946289
66031088-7d07-4fa3-9469-801a5638175f,9,2,3,6,2,1,57,6144,9,9,0.0141993999481201
7ce868a4-138a-480c-957f-9406cf21cae3,5,2,2,3,0,2,98,6144,5,5,0.00260009765625
d98461b6-ab09-42e5-9d06-02c47c9cb24f,3,3,1,2,1,2,16,4704,3,3,0.0016000270843505
c416ce06-5349-49ee-8873-9941911486f8,7,3,4,3,2,1,38,13824,7,7,0.0028002738952636
5dddc046-a2b7-4862-b812-fca5236866e7,4,1,0,4,2,0,248,190512,4,4,0.0173935890197753
eb2d8d99-5064-4ea4-b491-12deac4e5a51,7,3,6,1,1,2,51,13824,7,7,0.0055999279022216
6f587ff7-d91a-4780-8c9f-a5785181b7a3,4,1,4,0,0,2,85,432,4,4,0.0016058921813964
2f1df305-609e-43cf-b809-99a4bff2372d,6,1,5,1,1,2,87,12288,6,6,0.0038005352020263
3a9439ed-4559-4757-b482-e096692705e2,3,1,0,3,0,2,90,384,3,3,0.0007999897003173
578c64ea-50db-4e99-be1e-ffc01fc11ead,5,2,3,2,1,1,81,7776,5,5,0.0026056766510009
01b80f20-5c97-4917-a9ed-3ab98834fc7d,5,2,0,5,1,1,68,864,5,5,0.0013996601104736
0b3308e4-fa22-41db-a6b9-0d9d84c592e8,7,1,2,5,2,1,281,13824,7,7,0.0084002494812011
c123b7bc-f01f-4fef-9b5f-3f037a73cc84,6,1,0,6,1,2,220,161472,6,6,0.0296004772186279
dadb1943-fb46-4696-86c7-072f3b13e4a2,4,1,1,3,2,1,133,8112,4,4,0.0036070346832275
9f791fee-0a53-4d63-ab4c-ccc7a7ba0323,5,1,2,3,2,0,59,24576,5,5,0.0042004108428955
8d7c09ad-1ade-45fd-a8fc-4b18f34a89db,8,2,5,3,3,0,108,49152,8,8,0.0414003849029541
73b6b9da-7bdc-4fcc-a49c-07904a782ffc,5,1,1,4,2,1,46,16224,5,5,0.0032001018524169
6dd889e5-3f39-407d-bf0a-09e78323df04,4,1,4,0,2,0,207,46128,4,4,0.0057993412017822
b24029a9-1905-4a55-8b81-cb73e5f8e8b9,6,1,3,3,2,1,234,1728,6,6,0.0023998737335205
c058c969-9f19-4fad-ac0f-b4ab08d9459f,2,2,2,0,1,1,92,2700,2,2,0.0009994029998779
c7980ee2-9606-4c0d-8bc3-29735d2c0d47,4,3,0,4,0,2,47,3888,4,4,0.0054001331329345
9e73f46b-e7f4-4778-bf85-17b12d54cc44,2,1,1,1,2,0,248,47628,2,2,0.0068002223968505
b0045a69-a3dd-439c-b26d-6b61cb23e4b6,3,3,3,0,1,1,34,95256,3,3,0.0110000133514404
3f3bb26c-241a-4182-8e6d-b61518296cd7,6,3,1,5,1,2,52,768,6,6,0.0023998737335205
33563833-40d0-44c6-bbf4-ef9e13525981,3,1,1,2,1,1,98,89304,3,3,0.0066002368927001
2bab7dc1-1ff4-4986-897f-ff0a08f22567,5,2,2,3,1,1,118,7776,5,5,0.0048005104064941
7bf555fa-d1bb-4747-8e04-036a27af898a,7,3,0,7,2,1,59,384,7,7,0.0040001392364501
67efea4d-5492-4468-8afb-df5961ba676f,3,2,3,0,0,2,144,4704,3,3,0.0018000125885009
4c41edaf-cef5-47d0-9d94-c7b11bc8cdcf,3,2,0,3,0,2,50,24576,3,3,0.0039998531341552
bb77a07e-1833-45d1-b862-68336e0adfd3,7,2,4,3,1,2,138,1536,7,7,0.0034006595611572
1150b495-a701-4389-93b7-411ed156eb2e,2,1,1,1,0,2,275,3072,2,2,0.0023998260498046
c4d84524-7fce-465e-915c-76b798dd0fe2,4,1,4,0,1,1,60,13872,4,4,0.0031999588012695
e2a070d6-dbfe-48b1-ab13-86ed8fa77aad,6,3,3,3,0,3,19,192,6,6,0.0040002822875976
0a8c15aa-12d2-4de4-9567-908760195176,4,1,4,0,1,1,134,10800,4,4,0.0036009788513183
6711ed8f-eb6e-49f2-9f4d-21ea1e679df3,5,3,3,2,1,2,36,334176,5,5,0.026395559310913
bc675cd6-2b8e-44b7-94cf-b90fd51bb369,5,2,5,0,2,1,73,381024,5,5,0.036600112915039
fc818e67-8ce4-46bf-8687-ce079943d0ef,4,2,4,0,1,1,142,1200,4,4,0.0020018577575683
76c3860c-6083-49be-9fa7-5886c96f6ce0,5,3,0,5,1,1,24,24576,5,5,0.0148000240325927
a72c9b37-a8e3-46aa-b345-352be7321ddc,7,3,6,1,0,3,63,1536,7,7,0.004000186920166
3d376464-0052-47dd-8cc2-1d119fd945c2,4,3,0,4,1,1,21,10800,4,4,0.0035998821258544
b438f554-16a9-49b4-9cdd-dbc63185e062,4,3,4,0,1,1,11,13872,4,4,0.0027997970581054
06574800-6d52-444b-b2e4-10bc7cbd090d,4,2,2,2,0,2,120,12288,4,4,0.0054001331329345
f760cdd1-620e-4700-9f10-22cd8c01e5de,5,1,0,5,2,0,277,21600,5,5,0.008400535583496
993107cb-c042-4a61-8210-8b60052d30df,2,1,0,2,1,1,256,11532,2,2,0.0030008792877197
790c4fc5-9e59-47d7-bf1b-a943f6f77274,4,3,2,2,2,0,18,192,4,4,0.002800178527832
54ba09b0-e5e6-4c0d-b595-5f1271129cf6,5,2,0,5,1,2,24,9600,5,5,0.0062002182006835
f344672a-d5a1-4edf-941a-9a3b471d52ce,8,2,6,2,1,2,71,3072,8,8,0.0082004070281982
91dec2d8-c2fc-4333-a8ee-aafdce38802e,4,2,1,3,1,1,52,10800,4,4,0.0062007904052734
0a5e9b53-bfa1-44fc-a7ef-24bc0f4f26e9,3,3,2,1,1,1,40,26136,3,3,0.0034000396728515
1b007507-3ae1-4e78-8cc9-3af9a6450bd6,7,1,5,2,2,1,178,1536,7,7,0.0040003776550292
3eb43a98-680a-42b6-98ad-e93942438437,4,3,2,2,2,0,61,3072,4,4,0.0022002220153808
818bd57d-e552-438b-ba09-0d7c2347a59c,4,1,4,0,1,2,128,9408,4,4,0.0036001682281494
bba9016b-a1ad-4a9c-96a0-d8bc27fb1a59,4,1,2,2,0,2,253,432,4,4,0.002399730682373
8ee6c827-bd79-453c-acf9-9c15f3c7cbfc,3,2,2,1,1,1,142,26136,3,3,0.0059996128082275
6e6ecd7b-3ba1-4a0d-8fc8-9542e24779e0,9,3,0,9,1,2,67,6144,9,9,0.0072009086608886
33b15d1a-2555-4e6d-9eac-94340dae0da3,6,2,4,2,2,1,149,192,6,6,0.0015998840332031
aa9183d8-780f-4218-b032-134f527a908a,5,2,3,2,2,1,35,69984,5,5,0.0046006679534912
9a202331-0646-4b85-8372-aca221290eb3,7,1,4,3,2,1,35,3456,7,7,0.0019999504089355
c2813ab4-e447-4940-a57a-c511e08fc2aa,3,1,2,1,2,0,191,1536,3,3,0.0010000228881835
49408e3c-3c96-4357-9e01-cfbafb2e7c53,7,2,1,6,2,1,50,55296,7,7,0.009199571609497
89130f13-37ef-429a-a1ba-da949edc3a71,5,1,1,4,1,2,299,96,5,5,0.002000093460083
93709b10-d1bc-4ee2-9bfe-2f6e1e74576f,4,3,0,4,2,0,36,8112,4,4,0.0030018329620361
5330eb04-859a-4f9b-b87a-a9cd7f7b7e52,7,2,0,7,2,1,122,1536,7,7,0.0035999774932861
1dd789af-c0ff-4f32-ac86-4350d8e2cbb3,5,3,2,3,2,1,23,27744,5,5,0.0022003173828125
9bf72011-a148-4121-9b13-9973d032add5,4,1,0,4,1,1,282,40368,4,4,0.0054000377655029
7eec4fb7-90ac-4ff7-bfa3-5781272fff44,2,3,0,2,1,1,74,52272,2,2,0.0102007389068603
070fd16a-1c46-477e-9175-62f95a61d13c,5,1,1,4,1,2,298,384,5,5,0.0018004417419433
5e63e628-6ecd-4a60-a2e2-3277179a95eb,8,2,0,8,2,1,93,6912,8,8,0.0062001705169677
f95f2f31-c2b9-4384-ac4f-a2ab1d77abcd,5,1,2,3,0,2,278,864,5,5,0.0050001144409179
3e0f658b-5407-41b5-aa5c-c0e22b4ed1ea,3,2,1,2,2,1,92,6936,3,3,0.0020000457763671
fe870b1d-9413-43a6-bf27-4417b6cef994,5,3,3,2,1,1,62,98304,5,5,0.0234002113342285
8bafb13f-9cdd-4181-bacb-dfa4e8353e5c,5,3,2,3,0,2,65,16224,5,5,0.0063953876495361
76570fa0-4e87-4f10-b0fe-cc6654407ef2,5,2,2,3,1,1,23,16224,5,5,0.0049990653991699
8c7d3aca-936e-4e7e-924f-5ab1e059f2d6,5,1,3,2,1,2,82,864,5,5,0.0026004314422607
037d906b-5805-481f-bdcf-384ab88f8de2,5,2,3,2,1,1,147,18816,5,5,0.0077999591827392
b78dc022-6984-4e9b-8779-933c403151ce,3,2,2,1,1,1,121,864,3,3,0.0030005455017089
7d8ec818-9df5-4e23-ade8-f780561a2430,6,1,4,2,2,1,133,1728,6,6,0.0022004127502441
312d5f51-0e32-492b-9ff9-2da0806fccd6,7,2,7,0,2,1,142,1536,7,7,0.0047992229461669
9f2be8a3-f5ca-4670-b906-e84937571992,5,1,5,0,0,3,57,21600,5,5,0.0051999568939208
14454b20-a8cd-472d-b1ac-6578c120080d,7,2,3,4,2,1,37,1536,7,7,0.0047980785369873
fc8c57ed-d967-4705-9f5e-79da7d2e4f8d,5,2,3,2,2,0,128,3456,5,5,0.0024003028869628
b88bd3b8-35c3-45e8-ad58-8971a515041c,7,3,2,5,0,3,67,1536,7,7,0.0076007366180419
f17dd9e8-e4dd-4743-8ddf-dbb41ca0f12f,5,2,3,2,0,3,150,384,5,5,0.0022000789642333
a17eceaa-8a7b-48c4-8943-f0b53b49a0a6,7,2,3,4,0,3,60,6144,7,7,0.0084002017974853
df3cb88b-72e6-4425-9146-afafe0e62ee2,7,1,3,4,1,2,128,86400,7,7,0.057600450515747
df117ffc-2a10-4d5b-86ce-2e0c53cecc86,4,3,2,2,2,0,73,52272,4,4,0.0105940341949462
f4638748-b558-4424-b3b9-efb988597d41,5,1,2,3,2,0,73,6144,5,5,0.0030076026916503
2020680f-2298-44b9-88eb-4f91bcafaec1,5,2,2,3,0,2,92,357216,5,5,0.0434003353118896
35577b16-866d-445c-8db5-5b21509fc3e8,6,3,3,3,2,1,8,1728,6,6,0.0063934803009033
5ebd0f7b-9f79-478c-9513-fe1c36822e6d,4,2,4,0,2,0,76,12288,4,4,0.0027997970581054
d44e8b81-1e70-4a00-80ba-9f2c9883a40e,6,1,3,3,1,2,244,192,6,6,0.003400182723999
cd73ebaa-7481-4784-9bfb-c74e1213ced6,4,3,4,0,1,2,45,3072,4,4,0.0034002780914306
a37a5315-731c-48a0-9e20-702f077b6a95,5,2,0,5,3,0,129,96,5,5,0.0023982048034667
1f51af16-fcbe-48d2-89da-c3624793718b,4,2,3,1,1,1,56,3072,4,4,0.0019983768463134
8b979535-4de5-435b-a658-faf34ae722ea,6,2,1,5,1,2,69,3072,6,6,0.0049998760223388
2814166b-bca6-49f3-a87a-c495ab6a4f96,6,2,0,6,1,1,64,691200,6,6,0.0664711952209472
d7d9e7eb-1e5d-4ae7-a4ba-9d2bc30929d4,6,3,6,0,1,1,65,37632,6,6,0.0107975006103515
c1d44e0e-9a2c-4c32-9710-43198924270c,7,1,7,0,1,2,115,6144,7,7,0.0027970314025878
fd2f22a8-638d-44b9-93e9-0d438857443e,4,1,1,3,0,2,217,1200,4,4,0.0022000312805175
a548338d-0300-4044-80b6-5586d8b02d2b,8,3,8,0,3,0,37,19200,8,8,0.0126010417938232
e2f4baf6-1f7a-4199-8bf4-6e7403592939,5,3,3,2,1,2,68,1536,5,5,0.0035995006561279
9c69e553-6fb1-4c78-b389-14968316881d,4,3,4,0,1,1,63,3888,4,4,0.0014014244079589
97da010b-3870-47d2-b08f-039660d4116e,6,2,3,3,2,1,71,1728,6,6,0.0033998489379882
